000 06e12000100b 00000000 00000001 0000000b 00000000 00000000 00000000 00000000 00000000 00000000 00000000 00000000 00000000 00000000 00000000 00000000 00000000
001 003000000000 00000000 00000000 00000000 00000000 00000000 00000000 00000000 00000000 00000000 00000000 00000000 00000000 00000000 00000000 00000800 00000000
002 00ee20000ffc 00000000 00000000 fffffffc 00000000 00000000 00000000 00000000 00000000 00000000 00000000 00000000 00000000 00000000 00000000 00000800 00000000
003 114e20000000 00000000 00000000 00000000 00000000 00000000 00000000 00000000 00000000 00000000 00000000 00000000 00000000 00000000 00000000 000007fc 00000000
004 115e20000001 00000000 00000000 00000001 00000000 00000000 00000000 00000000 00000000 00000000 00000000 00000000 00000000 00000000 00000000 000007fc 00000000
005 11ae20000002 00000000 00000000 00000002 00000000 00000000 00000000 00000000 00000000 00000000 00000000 00000000 00000000 00000000 00000000 000007fc 00000000
006 11fe20000003 00000000 00000000 00000003 00000000 00000000 00000000 00000000 00000000 00000000 00000000 00000000 00000000 00000000 00000000 000007fc 00000000
007 104020000100 00000000 00000000 00000100 00000000 00000000 00000000 00000000 00000000 00000000 00000000 00000000 00000000 00000000 00000000 000007fc 00000000
008 105020000101 00000000 00000000 00000101 00000000 00000005 00000000 00000000 00000000 00000000 00000000 00000000 00000000 00000000 00000000 000007fc 00000000
009 0ff002000011 00000000 00000000 00000011 00000000 00000005 00000003 00000000 00000000 00000000 00000000 00000000 00000000 00000000 00000000 000007fc 00000000
011 00ee20000ffc 00000000 00000000 fffffffc 00000000 00000005 00000003 00000000 00000000 00000000 00000000 00000000 00000000 00000000 00000000 000007fc 0000000a
012 114e20000000 00000000 00000000 00000000 00000000 00000005 00000003 00000000 00000000 00000000 00000000 00000000 00000000 00000000 00000000 000007f8 0000000a
013 115e20000001 00000000 00000000 00000001 00000000 00000005 00000003 00000000 00000000 00000000 00000000 00000000 00000000 00000000 00000000 000007f8 0000000a
014 110e2a000002 00000000 00000000 00000002 00000000 00000005 00000003 00000000 00000000 00000000 00000000 00000000 00000000 00000000 00000000 000007f8 0000000a
015 11fe20000003 00000000 00000000 00000003 00000000 00000005 00000003 00000000 00000000 00000000 00000000 00000000 00000000 00000000 00000000 000007f8 0000000a
016 0a040200001a 00000000 00000000 0000001a 00000000 00000005 00000003 00000000 00000000 00000000 00000000 00000000 00000000 00000000 00000000 000007f8 0000000a
01a 0a045200001d 00000000 00000000 0000001d 00000000 00000005 00000003 00000000 00000000 00000000 00000000 00000000 00000000 00000000 00000000 000007f8 0000000a
01d 014420000001 00000000 00000000 00000001 00000000 00000005 00000003 00000000 00000000 00000000 00000000 00000000 00000000 00000000 00000000 000007f8 0000000a
01e 0b0402000025 00000000 00000000 00000025 00000000 00000004 00000003 00000000 00000000 00000000 00000000 00000000 00000000 00000000 00000000 000007f8 0000000a
01f 0ff002000011 00000000 00000000 00000011 00000000 00000004 00000003 00000000 00000000 00000000 00000000 00000000 00000000 00000000 00000000 000007f8 0000000a
011 00ee20000ffc 00000000 00000000 fffffffc 00000000 00000004 00000003 00000000 00000000 00000000 00000000 00000000 00000000 00000000 00000000 000007f8 00000020
012 114e20000000 00000000 00000000 00000000 00000000 00000004 00000003 00000000 00000000 00000000 00000000 00000000 00000000 00000000 00000000 000007f4 00000020
013 115e20000001 00000000 00000000 00000001 00000000 00000004 00000003 00000000 00000000 00000000 00000000 00000000 00000000 00000000 00000000 000007f4 00000020
014 110e2a000002 00000000 00000000 00000002 00000000 00000004 00000003 00000000 00000000 00000000 00000000 00000000 00000000 00000000 00000000 000007f4 00000020
015 11fe20000003 00000000 00000000 00000003 00000000 00000004 00000003 00000000 00000000 00000000 00000000 00000000 00000000 00000000 00000000 000007f4 00000020
016 0a040200001a 00000000 00000000 0000001a 00000000 00000004 00000003 00000000 00000000 00000000 00000000 00000000 00000000 00000000 00000000 000007f4 00000020
01a 0a045200001d 00000000 00000000 0000001d 00000000 00000004 00000003 00000000 00000000 00000000 00000000 00000000 00000000 00000000 00000000 000007f4 00000020
01d 014420000001 00000000 00000000 00000001 00000000 00000004 00000003 00000000 00000000 00000000 00000000 00000000 00000000 00000000 00000000 000007f4 00000020
01e 0b0402000025 00000000 00000000 00000025 00000000 00000003 00000003 00000000 00000000 00000000 00000000 00000000 00000000 00000000 00000000 000007f4 00000020
01f 0ff002000011 00000000 00000000 00000011 00000000 00000003 00000003 00000000 00000000 00000000 00000000 00000000 00000000 00000000 00000000 000007f4 00000020
011 00ee20000ffc 00000000 00000000 fffffffc 00000000 00000003 00000003 00000000 00000000 00000000 00000000 00000000 00000000 00000000 00000000 000007f4 00000020
012 114e20000000 00000000 00000000 00000000 00000000 00000003 00000003 00000000 00000000 00000000 00000000 00000000 00000000 00000000 00000000 000007f0 00000020
013 115e20000001 00000000 00000000 00000001 00000000 00000003 00000003 00000000 00000000 00000000 00000000 00000000 00000000 00000000 00000000 000007f0 00000020
014 110e2a000002 00000000 00000000 00000002 00000000 00000003 00000003 00000000 00000000 00000000 00000000 00000000 00000000 00000000 00000000 000007f0 00000020
015 11fe20000003 00000000 00000000 00000003 00000000 00000003 00000003 00000000 00000000 00000000 00000000 00000000 00000000 00000000 00000000 000007f0 00000020
016 0a040200001a 00000000 00000000 0000001a 00000000 00000003 00000003 00000000 00000000 00000000 00000000 00000000 00000000 00000000 00000000 000007f0 00000020
01a 0a045200001d 00000000 00000000 0000001d 00000000 00000003 00000003 00000000 00000000 00000000 00000000 00000000 00000000 00000000 00000000 000007f0 00000020
01b 003200000001 00000000 00000000 00000001 00000000 00000003 00000003 00000000 00000000 00000000 00000000 00000000 00000000 00000000 00000000 000007f0 00000020
01c 090002000025 00000000 00000000 00000025 00000001 00000003 00000003 00000000 00000000 00000000 00000000 00000000 00000000 00000000 00000000 000007f0 00000020
025 104e20000000 00000000 00000000 00000000 00000001 00000003 00000003 00000000 00000000 00000000 00000000 00000000 00000000 00000000 00000000 000007f0 00000020
026 105e20000001 00000000 00000000 00000001 00000001 00000003 00000003 00000000 00000000 00000000 00000000 00000000 00000000 00000000 00000000 000007f0 00000020
027 10ae20000002 00000000 00000000 00000002 00000001 00000003 00000003 00000000 00000000 00000000 00000000 00000000 00000000 00000000 00000000 000007f0 00000020
028 10fe20000003 00000000 00000000 00000003 00000001 00000003 00000003 00000000 00000000 00000000 00000000 00000000 00000000 00000000 00000000 000007f0 00000020
029 00ee20000004 00000000 00000000 00000004 00000001 00000003 00000003 00000000 00000000 00000000 00000000 00000000 00000000 00000000 00000000 000007f0 00000020
02a 09000f000000 00000000 00000000 00000000 00000001 00000003 00000003 00000000 00000000 00000000 00000000 00000000 00000000 00000000 00000000 000007f4 00000020
020 00a320000000 00000000 00000000 00000000 00000001 00000003 00000003 00000000 00000000 00000000 00000000 00000000 00000000 00000000 00000000 000007f4 00000020
021 005520000fff 00000000 00000000 ffffffff 00000001 00000003 00000003 00000000 00000000 00000000 00000000 00000001 00000000 00000000 00000000 000007f4 00000020
022 0b0502000025 00000000 00000000 00000025 00000001 00000003 00000002 00000000 00000000 00000000 00000000 00000001 00000000 00000000 00000000 000007f4 00000020
023 0ff002000011 00000000 00000000 00000011 00000001 00000003 00000002 00000000 00000000 00000000 00000000 00000001 00000000 00000000 00000000 000007f4 00000020
011 00ee20000ffc 00000000 00000000 fffffffc 00000001 00000003 00000002 00000000 00000000 00000000 00000000 00000001 00000000 00000000 00000000 000007f4 00000024
012 114e20000000 00000000 00000000 00000000 00000001 00000003 00000002 00000000 00000000 00000000 00000000 00000001 00000000 00000000 00000000 000007f0 00000024
013 115e20000001 00000000 00000000 00000001 00000001 00000003 00000002 00000000 00000000 00000000 00000000 00000001 00000000 00000000 00000000 000007f0 00000024
014 110e2a000002 00000000 00000000 00000002 00000001 00000003 00000002 00000000 00000000 00000000 00000000 00000001 00000000 00000000 00000000 000007f0 00000024
015 11fe20000003 00000000 00000000 00000003 00000001 00000003 00000002 00000000 00000000 00000000 00000000 00000001 00000000 00000000 00000000 000007f0 00000024
016 0a040200001a 00000000 00000000 0000001a 00000001 00000003 00000002 00000000 00000000 00000000 00000000 00000001 00000000 00000000 00000000 000007f0 00000024
01a 0a045200001d 00000000 00000000 0000001d 00000001 00000003 00000002 00000000 00000000 00000000 00000000 00000001 00000000 00000000 00000000 000007f0 00000024
01d 014420000001 00000000 00000000 00000001 00000001 00000003 00000002 00000000 00000000 00000000 00000000 00000001 00000000 00000000 00000000 000007f0 00000024
01e 0b0402000025 00000000 00000000 00000025 00000001 00000002 00000002 00000000 00000000 00000000 00000000 00000001 00000000 00000000 00000000 000007f0 00000024
01f 0ff002000011 00000000 00000000 00000011 00000001 00000002 00000002 00000000 00000000 00000000 00000000 00000001 00000000 00000000 00000000 000007f0 00000024
011 00ee20000ffc 00000000 00000000 fffffffc 00000001 00000002 00000002 00000000 00000000 00000000 00000000 00000001 00000000 00000000 00000000 000007f0 00000020
012 114e20000000 00000000 00000000 00000000 00000001 00000002 00000002 00000000 00000000 00000000 00000000 00000001 00000000 00000000 00000000 000007ec 00000020
013 115e20000001 00000000 00000000 00000001 00000001 00000002 00000002 00000000 00000000 00000000 00000000 00000001 00000000 00000000 00000000 000007ec 00000020
014 110e2a000002 00000000 00000000 00000002 00000001 00000002 00000002 00000000 00000000 00000000 00000000 00000001 00000000 00000000 00000000 000007ec 00000020
015 11fe20000003 00000000 00000000 00000003 00000001 00000002 00000002 00000000 00000000 00000000 00000000 00000001 00000000 00000000 00000000 000007ec 00000020
016 0a040200001a 00000000 00000000 0000001a 00000001 00000002 00000002 00000000 00000000 00000000 00000000 00000001 00000000 00000000 00000000 000007ec 00000020
01a 0a045200001d 00000000 00000000 0000001d 00000001 00000002 00000002 00000000 00000000 00000000 00000000 00000001 00000000 00000000 00000000 000007ec 00000020
01b 003200000001 00000000 00000000 00000001 00000001 00000002 00000002 00000000 00000000 00000000 00000000 00000001 00000000 00000000 00000000 000007ec 00000020
01c 090002000025 00000000 00000000 00000025 00000001 00000002 00000002 00000000 00000000 00000000 00000000 00000001 00000000 00000000 00000000 000007ec 00000020
025 104e20000000 00000000 00000000 00000000 00000001 00000002 00000002 00000000 00000000 00000000 00000000 00000001 00000000 00000000 00000000 000007ec 00000020
026 105e20000001 00000000 00000000 00000001 00000001 00000002 00000002 00000000 00000000 00000000 00000000 00000001 00000000 00000000 00000000 000007ec 00000020
027 10ae20000002 00000000 00000000 00000002 00000001 00000002 00000002 00000000 00000000 00000000 00000000 00000001 00000000 00000000 00000000 000007ec 00000020
028 10fe20000003 00000000 00000000 00000003 00000001 00000002 00000002 00000000 00000000 00000000 00000000 00000001 00000000 00000000 00000000 000007ec 00000020
029 00ee20000004 00000000 00000000 00000004 00000001 00000002 00000002 00000000 00000000 00000000 00000000 00000001 00000000 00000000 00000000 000007ec 00000020
02a 09000f000000 00000000 00000000 00000000 00000001 00000002 00000002 00000000 00000000 00000000 00000000 00000001 00000000 00000000 00000000 000007f0 00000020
020 00a320000000 00000000 00000000 00000000 00000001 00000002 00000002 00000000 00000000 00000000 00000000 00000001 00000000 00000000 00000000 000007f0 00000020
021 005520000fff 00000000 00000000 ffffffff 00000001 00000002 00000002 00000000 00000000 00000000 00000000 00000001 00000000 00000000 00000000 000007f0 00000020
022 0b0502000025 00000000 00000000 00000025 00000001 00000002 00000001 00000000 00000000 00000000 00000000 00000001 00000000 00000000 00000000 000007f0 00000020
023 0ff002000011 00000000 00000000 00000011 00000001 00000002 00000001 00000000 00000000 00000000 00000000 00000001 00000000 00000000 00000000 000007f0 00000020
011 00ee20000ffc 00000000 00000000 fffffffc 00000001 00000002 00000001 00000000 00000000 00000000 00000000 00000001 00000000 00000000 00000000 000007f0 00000024
012 114e20000000 00000000 00000000 00000000 00000001 00000002 00000001 00000000 00000000 00000000 00000000 00000001 00000000 00000000 00000000 000007ec 00000024
013 115e20000001 00000000 00000000 00000001 00000001 00000002 00000001 00000000 00000000 00000000 00000000 00000001 00000000 00000000 00000000 000007ec 00000024
014 110e2a000002 00000000 00000000 00000002 00000001 00000002 00000001 00000000 00000000 00000000 00000000 00000001 00000000 00000000 00000000 000007ec 00000024
015 11fe20000003 00000000 00000000 00000003 00000001 00000002 00000001 00000000 00000000 00000000 00000000 00000001 00000000 00000000 00000000 000007ec 00000024
016 0a040200001a 00000000 00000000 0000001a 00000001 00000002 00000001 00000000 00000000 00000000 00000000 00000001 00000000 00000000 00000000 000007ec 00000024
01a 0a045200001d 00000000 00000000 0000001d 00000001 00000002 00000001 00000000 00000000 00000000 00000000 00000001 00000000 00000000 00000000 000007ec 00000024
01d 014420000001 00000000 00000000 00000001 00000001 00000002 00000001 00000000 00000000 00000000 00000000 00000001 00000000 00000000 00000000 000007ec 00000024
01e 0b0402000025 00000000 00000000 00000025 00000001 00000001 00000001 00000000 00000000 00000000 00000000 00000001 00000000 00000000 00000000 000007ec 00000024
01f 0ff002000011 00000000 00000000 00000011 00000001 00000001 00000001 00000000 00000000 00000000 00000000 00000001 00000000 00000000 00000000 000007ec 00000024
011 00ee20000ffc 00000000 00000000 fffffffc 00000001 00000001 00000001 00000000 00000000 00000000 00000000 00000001 00000000 00000000 00000000 000007ec 00000020
012 114e20000000 00000000 00000000 00000000 00000001 00000001 00000001 00000000 00000000 00000000 00000000 00000001 00000000 00000000 00000000 000007e8 00000020
013 115e20000001 00000000 00000000 00000001 00000001 00000001 00000001 00000000 00000000 00000000 00000000 00000001 00000000 00000000 00000000 000007e8 00000020
014 110e2a000002 00000000 00000000 00000002 00000001 00000001 00000001 00000000 00000000 00000000 00000000 00000001 00000000 00000000 00000000 000007e8 00000020
015 11fe20000003 00000000 00000000 00000003 00000001 00000001 00000001 00000000 00000000 00000000 00000000 00000001 00000000 00000000 00000000 000007e8 00000020
016 0a040200001a 00000000 00000000 0000001a 00000001 00000001 00000001 00000000 00000000 00000000 00000000 00000001 00000000 00000000 00000000 000007e8 00000020
01a 0a045200001d 00000000 00000000 0000001d 00000001 00000001 00000001 00000000 00000000 00000000 00000000 00000001 00000000 00000000 00000000 000007e8 00000020
01b 003200000001 00000000 00000000 00000001 00000001 00000001 00000001 00000000 00000000 00000000 00000000 00000001 00000000 00000000 00000000 000007e8 00000020
01c 090002000025 00000000 00000000 00000025 00000001 00000001 00000001 00000000 00000000 00000000 00000000 00000001 00000000 00000000 00000000 000007e8 00000020
025 104e20000000 00000000 00000000 00000000 00000001 00000001 00000001 00000000 00000000 00000000 00000000 00000001 00000000 00000000 00000000 000007e8 00000020
026 105e20000001 00000000 00000000 00000001 00000001 00000001 00000001 00000000 00000000 00000000 00000000 00000001 00000000 00000000 00000000 000007e8 00000020
027 10ae20000002 00000000 00000000 00000002 00000001 00000001 00000001 00000000 00000000 00000000 00000000 00000001 00000000 00000000 00000000 000007e8 00000020
028 10fe20000003 00000000 00000000 00000003 00000001 00000001 00000001 00000000 00000000 00000000 00000000 00000001 00000000 00000000 00000000 000007e8 00000020
029 00ee20000004 00000000 00000000 00000004 00000001 00000001 00000001 00000000 00000000 00000000 00000000 00000001 00000000 00000000 00000000 000007e8 00000020
02a 09000f000000 00000000 00000000 00000000 00000001 00000001 00000001 00000000 00000000 00000000 00000000 00000001 00000000 00000000 00000000 000007ec 00000020
020 00a320000000 00000000 00000000 00000000 00000001 00000001 00000001 00000000 00000000 00000000 00000000 00000001 00000000 00000000 00000000 000007ec 00000020
021 005520000fff 00000000 00000000 ffffffff 00000001 00000001 00000001 00000000 00000000 00000000 00000000 00000001 00000000 00000000 00000000 000007ec 00000020
022 0b0502000025 00000000 00000000 00000025 00000001 00000001 00000000 00000000 00000000 00000000 00000000 00000001 00000000 00000000 00000000 000007ec 00000020
023 0ff002000011 00000000 00000000 00000011 00000001 00000001 00000000 00000000 00000000 00000000 00000000 00000001 00000000 00000000 00000000 000007ec 00000020
011 00ee20000ffc 00000000 00000000 fffffffc 00000001 00000001 00000000 00000000 00000000 00000000 00000000 00000001 00000000 00000000 00000000 000007ec 00000024
012 114e20000000 00000000 00000000 00000000 00000001 00000001 00000000 00000000 00000000 00000000 00000000 00000001 00000000 00000000 00000000 000007e8 00000024
013 115e20000001 00000000 00000000 00000001 00000001 00000001 00000000 00000000 00000000 00000000 00000000 00000001 00000000 00000000 00000000 000007e8 00000024
014 110e2a000002 00000000 00000000 00000002 00000001 00000001 00000000 00000000 00000000 00000000 00000000 00000001 00000000 00000000 00000000 000007e8 00000024
015 11fe20000003 00000000 00000000 00000003 00000001 00000001 00000000 00000000 00000000 00000000 00000000 00000001 00000000 00000000 00000000 000007e8 00000024
016 0a040200001a 00000000 00000000 0000001a 00000001 00000001 00000000 00000000 00000000 00000000 00000000 00000001 00000000 00000000 00000000 000007e8 00000024
01a 0a045200001d 00000000 00000000 0000001d 00000001 00000001 00000000 00000000 00000000 00000000 00000000 00000001 00000000 00000000 00000000 000007e8 00000024
01d 014420000001 00000000 00000000 00000001 00000001 00000001 00000000 00000000 00000000 00000000 00000000 00000001 00000000 00000000 00000000 000007e8 00000024
01e 0b0402000025 00000000 00000000 00000025 00000001 00000000 00000000 00000000 00000000 00000000 00000000 00000001 00000000 00000000 00000000 000007e8 00000024
01f 0ff002000011 00000000 00000000 00000011 00000001 00000000 00000000 00000000 00000000 00000000 00000000 00000001 00000000 00000000 00000000 000007e8 00000024
011 00ee20000ffc 00000000 00000000 fffffffc 00000001 00000000 00000000 00000000 00000000 00000000 00000000 00000001 00000000 00000000 00000000 000007e8 00000020
012 114e20000000 00000000 00000000 00000000 00000001 00000000 00000000 00000000 00000000 00000000 00000000 00000001 00000000 00000000 00000000 000007e4 00000020
013 115e20000001 00000000 00000000 00000001 00000001 00000000 00000000 00000000 00000000 00000000 00000000 00000001 00000000 00000000 00000000 000007e4 00000020
014 110e2a000002 00000000 00000000 00000002 00000001 00000000 00000000 00000000 00000000 00000000 00000000 00000001 00000000 00000000 00000000 000007e4 00000020
015 11fe20000003 00000000 00000000 00000003 00000001 00000000 00000000 00000000 00000000 00000000 00000000 00000001 00000000 00000000 00000000 000007e4 00000020
016 0a040200001a 00000000 00000000 0000001a 00000001 00000000 00000000 00000000 00000000 00000000 00000000 00000001 00000000 00000000 00000000 000007e4 00000020
017 003200000001 00000000 00000000 00000001 00000001 00000000 00000000 00000000 00000000 00000000 00000000 00000001 00000000 00000000 00000000 000007e4 00000020
018 09000200001d 00000000 00000000 0000001d 00000001 00000000 00000000 00000000 00000000 00000000 00000000 00000001 00000000 00000000 00000000 000007e4 00000020
01d 014420000001 00000000 00000000 00000001 00000001 00000000 00000000 00000000 00000000 00000000 00000000 00000001 00000000 00000000 00000000 000007e4 00000020
01e 0b0402000025 00000000 00000000 00000025 00000001 ffffffff 00000000 00000000 00000000 00000000 00000000 00000001 00000000 00000000 00000000 000007e4 00000020
025 104e20000000 00000000 00000000 00000000 00000001 ffffffff 00000000 00000000 00000000 00000000 00000000 00000001 00000000 00000000 00000000 000007e4 00000020
026 105e20000001 00000000 00000000 00000001 00000001 00000000 00000000 00000000 00000000 00000000 00000000 00000001 00000000 00000000 00000000 000007e4 00000020
027 10ae20000002 00000000 00000000 00000002 00000001 00000000 00000000 00000000 00000000 00000000 00000000 00000001 00000000 00000000 00000000 000007e4 00000020
028 10fe20000003 00000000 00000000 00000003 00000001 00000000 00000000 00000000 00000000 00000000 00000000 00000001 00000000 00000000 00000000 000007e4 00000020
029 00ee20000004 00000000 00000000 00000004 00000001 00000000 00000000 00000000 00000000 00000000 00000000 00000001 00000000 00000000 00000000 000007e4 00000020
02a 09000f000000 00000000 00000000 00000000 00000001 00000000 00000000 00000000 00000000 00000000 00000000 00000001 00000000 00000000 00000000 000007e8 00000020
020 00a320000000 00000000 00000000 00000000 00000001 00000000 00000000 00000000 00000000 00000000 00000000 00000001 00000000 00000000 00000000 000007e8 00000020
021 005520000fff 00000000 00000000 ffffffff 00000001 00000000 00000000 00000000 00000000 00000000 00000000 00000001 00000000 00000000 00000000 000007e8 00000020
022 0b0502000025 00000000 00000000 00000025 00000001 00000000 ffffffff 00000000 00000000 00000000 00000000 00000001 00000000 00000000 00000000 000007e8 00000020
025 104e20000000 00000000 00000000 00000000 00000001 00000000 ffffffff 00000000 00000000 00000000 00000000 00000001 00000000 00000000 00000000 000007e8 00000020
026 105e20000001 00000000 00000000 00000001 00000001 00000001 ffffffff 00000000 00000000 00000000 00000000 00000001 00000000 00000000 00000000 000007e8 00000020
027 10ae20000002 00000000 00000000 00000002 00000001 00000001 00000000 00000000 00000000 00000000 00000000 00000001 00000000 00000000 00000000 000007e8 00000020
028 10fe20000003 00000000 00000000 00000003 00000001 00000001 00000000 00000000 00000000 00000000 00000000 00000001 00000000 00000000 00000000 000007e8 00000020
029 00ee20000004 00000000 00000000 00000004 00000001 00000001 00000000 00000000 00000000 00000000 00000000 00000001 00000000 00000000 00000000 000007e8 00000024
02a 09000f000000 00000000 00000000 00000000 00000001 00000001 00000000 00000000 00000000 00000000 00000000 00000001 00000000 00000000 00000000 000007ec 00000024
024 0033a0000000 00000000 00000000 00000000 00000001 00000001 00000000 00000000 00000000 00000000 00000000 00000001 00000000 00000000 00000000 000007ec 00000024
025 104e20000000 00000000 00000000 00000000 00000002 00000001 00000000 00000000 00000000 00000000 00000000 00000001 00000000 00000000 00000000 000007ec 00000024
026 105e20000001 00000000 00000000 00000001 00000002 00000002 00000000 00000000 00000000 00000000 00000000 00000001 00000000 00000000 00000000 000007ec 00000024
027 10ae20000002 00000000 00000000 00000002 00000002 00000002 00000001 00000000 00000000 00000000 00000000 00000001 00000000 00000000 00000000 000007ec 00000024
028 10fe20000003 00000000 00000000 00000003 00000002 00000002 00000001 00000000 00000000 00000000 00000000 00000001 00000000 00000000 00000000 000007ec 00000024
029 00ee20000004 00000000 00000000 00000004 00000002 00000002 00000001 00000000 00000000 00000000 00000000 00000001 00000000 00000000 00000000 000007ec 00000024
02a 09000f000000 00000000 00000000 00000000 00000002 00000002 00000001 00000000 00000000 00000000 00000000 00000001 00000000 00000000 00000000 000007f0 00000024
024 0033a0000000 00000000 00000000 00000000 00000002 00000002 00000001 00000000 00000000 00000000 00000000 00000001 00000000 00000000 00000000 000007f0 00000024
025 104e20000000 00000000 00000000 00000000 00000003 00000002 00000001 00000000 00000000 00000000 00000000 00000001 00000000 00000000 00000000 000007f0 00000024
026 105e20000001 00000000 00000000 00000001 00000003 00000003 00000001 00000000 00000000 00000000 00000000 00000001 00000000 00000000 00000000 000007f0 00000024
027 10ae20000002 00000000 00000000 00000002 00000003 00000003 00000002 00000000 00000000 00000000 00000000 00000001 00000000 00000000 00000000 000007f0 00000024
028 10fe20000003 00000000 00000000 00000003 00000003 00000003 00000002 00000000 00000000 00000000 00000000 00000001 00000000 00000000 00000000 000007f0 00000024
029 00ee20000004 00000000 00000000 00000004 00000003 00000003 00000002 00000000 00000000 00000000 00000000 00000001 00000000 00000000 00000000 000007f0 00000024
02a 09000f000000 00000000 00000000 00000000 00000003 00000003 00000002 00000000 00000000 00000000 00000000 00000001 00000000 00000000 00000000 000007f4 00000024
024 0033a0000000 00000000 00000000 00000000 00000003 00000003 00000002 00000000 00000000 00000000 00000000 00000001 00000000 00000000 00000000 000007f4 00000024
025 104e20000000 00000000 00000000 00000000 00000004 00000003 00000002 00000000 00000000 00000000 00000000 00000001 00000000 00000000 00000000 000007f4 00000024
026 105e20000001 00000000 00000000 00000001 00000004 00000004 00000002 00000000 00000000 00000000 00000000 00000001 00000000 00000000 00000000 000007f4 00000024
027 10ae20000002 00000000 00000000 00000002 00000004 00000004 00000003 00000000 00000000 00000000 00000000 00000001 00000000 00000000 00000000 000007f4 00000024
028 10fe20000003 00000000 00000000 00000003 00000004 00000004 00000003 00000000 00000000 00000000 00000000 00000000 00000000 00000000 00000000 000007f4 00000024
029 00ee20000004 00000000 00000000 00000004 00000004 00000004 00000003 00000000 00000000 00000000 00000000 00000000 00000000 00000000 00000000 000007f4 00000020
02a 09000f000000 00000000 00000000 00000000 00000004 00000004 00000003 00000000 00000000 00000000 00000000 00000000 00000000 00000000 00000000 000007f8 00000020
020 00a320000000 00000000 00000000 00000000 00000004 00000004 00000003 00000000 00000000 00000000 00000000 00000000 00000000 00000000 00000000 000007f8 00000020
021 005520000fff 00000000 00000000 ffffffff 00000004 00000004 00000003 00000000 00000000 00000000 00000000 00000004 00000000 00000000 00000000 000007f8 00000020
022 0b0502000025 00000000 00000000 00000025 00000004 00000004 00000002 00000000 00000000 00000000 00000000 00000004 00000000 00000000 00000000 000007f8 00000020
023 0ff002000011 00000000 00000000 00000011 00000004 00000004 00000002 00000000 00000000 00000000 00000000 00000004 00000000 00000000 00000000 000007f8 00000020
011 00ee20000ffc 00000000 00000000 fffffffc 00000004 00000004 00000002 00000000 00000000 00000000 00000000 00000004 00000000 00000000 00000000 000007f8 00000024
012 114e20000000 00000000 00000000 00000000 00000004 00000004 00000002 00000000 00000000 00000000 00000000 00000004 00000000 00000000 00000000 000007f4 00000024
013 115e20000001 00000000 00000000 00000001 00000004 00000004 00000002 00000000 00000000 00000000 00000000 00000004 00000000 00000000 00000000 000007f4 00000024
014 110e2a000002 00000000 00000000 00000002 00000004 00000004 00000002 00000000 00000000 00000000 00000000 00000004 00000000 00000000 00000000 000007f4 00000024
015 11fe20000003 00000000 00000000 00000003 00000004 00000004 00000002 00000000 00000000 00000000 00000000 00000004 00000000 00000000 00000000 000007f4 00000024
016 0a040200001a 00000000 00000000 0000001a 00000004 00000004 00000002 00000000 00000000 00000000 00000000 00000004 00000000 00000000 00000000 000007f4 00000024
01a 0a045200001d 00000000 00000000 0000001d 00000004 00000004 00000002 00000000 00000000 00000000 00000000 00000004 00000000 00000000 00000000 000007f4 00000024
01d 014420000001 00000000 00000000 00000001 00000004 00000004 00000002 00000000 00000000 00000000 00000000 00000004 00000000 00000000 00000000 000007f4 00000024
01e 0b0402000025 00000000 00000000 00000025 00000004 00000003 00000002 00000000 00000000 00000000 00000000 00000004 00000000 00000000 00000000 000007f4 00000024
01f 0ff002000011 00000000 00000000 00000011 00000004 00000003 00000002 00000000 00000000 00000000 00000000 00000004 00000000 00000000 00000000 000007f4 00000024
011 00ee20000ffc 00000000 00000000 fffffffc 00000004 00000003 00000002 00000000 00000000 00000000 00000000 00000004 00000000 00000000 00000000 000007f4 00000020
012 114e20000000 00000000 00000000 00000000 00000004 00000003 00000002 00000000 00000000 00000000 00000000 00000004 00000000 00000000 00000000 000007f0 00000020
013 115e20000001 00000000 00000000 00000001 00000004 00000003 00000002 00000000 00000000 00000000 00000000 00000004 00000000 00000000 00000000 000007f0 00000020
014 110e2a000002 00000000 00000000 00000002 00000004 00000003 00000002 00000000 00000000 00000000 00000000 00000004 00000000 00000000 00000000 000007f0 00000020
015 11fe20000003 00000000 00000000 00000003 00000004 00000003 00000002 00000000 00000000 00000000 00000000 00000004 00000000 00000000 00000000 000007f0 00000020
016 0a040200001a 00000000 00000000 0000001a 00000004 00000003 00000002 00000000 00000000 00000000 00000000 00000004 00000000 00000000 00000000 000007f0 00000020
01a 0a045200001d 00000000 00000000 0000001d 00000004 00000003 00000002 00000000 00000000 00000000 00000000 00000004 00000000 00000000 00000000 000007f0 00000020
01d 014420000001 00000000 00000000 00000001 00000004 00000003 00000002 00000000 00000000 00000000 00000000 00000004 00000000 00000000 00000000 000007f0 00000020
01e 0b0402000025 00000000 00000000 00000025 00000004 00000002 00000002 00000000 00000000 00000000 00000000 00000004 00000000 00000000 00000000 000007f0 00000020
01f 0ff002000011 00000000 00000000 00000011 00000004 00000002 00000002 00000000 00000000 00000000 00000000 00000004 00000000 00000000 00000000 000007f0 00000020
011 00ee20000ffc 00000000 00000000 fffffffc 00000004 00000002 00000002 00000000 00000000 00000000 00000000 00000004 00000000 00000000 00000000 000007f0 00000020
012 114e20000000 00000000 00000000 00000000 00000004 00000002 00000002 00000000 00000000 00000000 00000000 00000004 00000000 00000000 00000000 000007ec 00000020
013 115e20000001 00000000 00000000 00000001 00000004 00000002 00000002 00000000 00000000 00000000 00000000 00000004 00000000 00000000 00000000 000007ec 00000020
014 110e2a000002 00000000 00000000 00000002 00000004 00000002 00000002 00000000 00000000 00000000 00000000 00000004 00000000 00000000 00000000 000007ec 00000020
015 11fe20000003 00000000 00000000 00000003 00000004 00000002 00000002 00000000 00000000 00000000 00000000 00000004 00000000 00000000 00000000 000007ec 00000020
016 0a040200001a 00000000 00000000 0000001a 00000004 00000002 00000002 00000000 00000000 00000000 00000000 00000004 00000000 00000000 00000000 000007ec 00000020
01a 0a045200001d 00000000 00000000 0000001d 00000004 00000002 00000002 00000000 00000000 00000000 00000000 00000004 00000000 00000000 00000000 000007ec 00000020
01b 003200000001 00000000 00000000 00000001 00000004 00000002 00000002 00000000 00000000 00000000 00000000 00000004 00000000 00000000 00000000 000007ec 00000020
01c 090002000025 00000000 00000000 00000025 00000001 00000002 00000002 00000000 00000000 00000000 00000000 00000004 00000000 00000000 00000000 000007ec 00000020
025 104e20000000 00000000 00000000 00000000 00000001 00000002 00000002 00000000 00000000 00000000 00000000 00000004 00000000 00000000 00000000 000007ec 00000020
026 105e20000001 00000000 00000000 00000001 00000001 00000002 00000002 00000000 00000000 00000000 00000000 00000004 00000000 00000000 00000000 000007ec 00000020
027 10ae20000002 00000000 00000000 00000002 00000001 00000002 00000002 00000000 00000000 00000000 00000000 00000004 00000000 00000000 00000000 000007ec 00000020
028 10fe20000003 00000000 00000000 00000003 00000001 00000002 00000002 00000000 00000000 00000000 00000000 00000004 00000000 00000000 00000000 000007ec 00000020
029 00ee20000004 00000000 00000000 00000004 00000001 00000002 00000002 00000000 00000000 00000000 00000000 00000004 00000000 00000000 00000000 000007ec 00000020
02a 09000f000000 00000000 00000000 00000000 00000001 00000002 00000002 00000000 00000000 00000000 00000000 00000004 00000000 00000000 00000000 000007f0 00000020
020 00a320000000 00000000 00000000 00000000 00000001 00000002 00000002 00000000 00000000 00000000 00000000 00000004 00000000 00000000 00000000 000007f0 00000020
021 005520000fff 00000000 00000000 ffffffff 00000001 00000002 00000002 00000000 00000000 00000000 00000000 00000001 00000000 00000000 00000000 000007f0 00000020
022 0b0502000025 00000000 00000000 00000025 00000001 00000002 00000001 00000000 00000000 00000000 00000000 00000001 00000000 00000000 00000000 000007f0 00000020
023 0ff002000011 00000000 00000000 00000011 00000001 00000002 00000001 00000000 00000000 00000000 00000000 00000001 00000000 00000000 00000000 000007f0 00000020
011 00ee20000ffc 00000000 00000000 fffffffc 00000001 00000002 00000001 00000000 00000000 00000000 00000000 00000001 00000000 00000000 00000000 000007f0 00000024
012 114e20000000 00000000 00000000 00000000 00000001 00000002 00000001 00000000 00000000 00000000 00000000 00000001 00000000 00000000 00000000 000007ec 00000024
013 115e20000001 00000000 00000000 00000001 00000001 00000002 00000001 00000000 00000000 00000000 00000000 00000001 00000000 00000000 00000000 000007ec 00000024
014 110e2a000002 00000000 00000000 00000002 00000001 00000002 00000001 00000000 00000000 00000000 00000000 00000001 00000000 00000000 00000000 000007ec 00000024
015 11fe20000003 00000000 00000000 00000003 00000001 00000002 00000001 00000000 00000000 00000000 00000000 00000001 00000000 00000000 00000000 000007ec 00000024
016 0a040200001a 00000000 00000000 0000001a 00000001 00000002 00000001 00000000 00000000 00000000 00000000 00000001 00000000 00000000 00000000 000007ec 00000024
01a 0a045200001d 00000000 00000000 0000001d 00000001 00000002 00000001 00000000 00000000 00000000 00000000 00000001 00000000 00000000 00000000 000007ec 00000024
01d 014420000001 00000000 00000000 00000001 00000001 00000002 00000001 00000000 00000000 00000000 00000000 00000001 00000000 00000000 00000000 000007ec 00000024
01e 0b0402000025 00000000 00000000 00000025 00000001 00000001 00000001 00000000 00000000 00000000 00000000 00000001 00000000 00000000 00000000 000007ec 00000024
01f 0ff002000011 00000000 00000000 00000011 00000001 00000001 00000001 00000000 00000000 00000000 00000000 00000001 00000000 00000000 00000000 000007ec 00000024
011 00ee20000ffc 00000000 00000000 fffffffc 00000001 00000001 00000001 00000000 00000000 00000000 00000000 00000001 00000000 00000000 00000000 000007ec 00000020
012 114e20000000 00000000 00000000 00000000 00000001 00000001 00000001 00000000 00000000 00000000 00000000 00000001 00000000 00000000 00000000 000007e8 00000020
013 115e20000001 00000000 00000000 00000001 00000001 00000001 00000001 00000000 00000000 00000000 00000000 00000001 00000000 00000000 00000000 000007e8 00000020
014 110e2a000002 00000000 00000000 00000002 00000001 00000001 00000001 00000000 00000000 00000000 00000000 00000001 00000000 00000000 00000000 000007e8 00000020
015 11fe20000003 00000000 00000000 00000003 00000001 00000001 00000001 00000000 00000000 00000000 00000000 00000001 00000000 00000000 00000000 000007e8 00000020
016 0a040200001a 00000000 00000000 0000001a 00000001 00000001 00000001 00000000 00000000 00000000 00000000 00000001 00000000 00000000 00000000 000007e8 00000020
01a 0a045200001d 00000000 00000000 0000001d 00000001 00000001 00000001 00000000 00000000 00000000 00000000 00000001 00000000 00000000 00000000 000007e8 00000020
01b 003200000001 00000000 00000000 00000001 00000001 00000001 00000001 00000000 00000000 00000000 00000000 00000001 00000000 00000000 00000000 000007e8 00000020
01c 090002000025 00000000 00000000 00000025 00000001 00000001 00000001 00000000 00000000 00000000 00000000 00000001 00000000 00000000 00000000 000007e8 00000020
025 104e20000000 00000000 00000000 00000000 00000001 00000001 00000001 00000000 00000000 00000000 00000000 00000001 00000000 00000000 00000000 000007e8 00000020
026 105e20000001 00000000 00000000 00000001 00000001 00000001 00000001 00000000 00000000 00000000 00000000 00000001 00000000 00000000 00000000 000007e8 00000020
027 10ae20000002 00000000 00000000 00000002 00000001 00000001 00000001 00000000 00000000 00000000 00000000 00000001 00000000 00000000 00000000 000007e8 00000020
028 10fe20000003 00000000 00000000 00000003 00000001 00000001 00000001 00000000 00000000 00000000 00000000 00000001 00000000 00000000 00000000 000007e8 00000020
029 00ee20000004 00000000 00000000 00000004 00000001 00000001 00000001 00000000 00000000 00000000 00000000 00000001 00000000 00000000 00000000 000007e8 00000020
02a 09000f000000 00000000 00000000 00000000 00000001 00000001 00000001 00000000 00000000 00000000 00000000 00000001 00000000 00000000 00000000 000007ec 00000020
020 00a320000000 00000000 00000000 00000000 00000001 00000001 00000001 00000000 00000000 00000000 00000000 00000001 00000000 00000000 00000000 000007ec 00000020
021 005520000fff 00000000 00000000 ffffffff 00000001 00000001 00000001 00000000 00000000 00000000 00000000 00000001 00000000 00000000 00000000 000007ec 00000020
022 0b0502000025 00000000 00000000 00000025 00000001 00000001 00000000 00000000 00000000 00000000 00000000 00000001 00000000 00000000 00000000 000007ec 00000020
023 0ff002000011 00000000 00000000 00000011 00000001 00000001 00000000 00000000 00000000 00000000 00000000 00000001 00000000 00000000 00000000 000007ec 00000020
011 00ee20000ffc 00000000 00000000 fffffffc 00000001 00000001 00000000 00000000 00000000 00000000 00000000 00000001 00000000 00000000 00000000 000007ec 00000024
012 114e20000000 00000000 00000000 00000000 00000001 00000001 00000000 00000000 00000000 00000000 00000000 00000001 00000000 00000000 00000000 000007e8 00000024
013 115e20000001 00000000 00000000 00000001 00000001 00000001 00000000 00000000 00000000 00000000 00000000 00000001 00000000 00000000 00000000 000007e8 00000024
014 110e2a000002 00000000 00000000 00000002 00000001 00000001 00000000 00000000 00000000 00000000 00000000 00000001 00000000 00000000 00000000 000007e8 00000024
015 11fe20000003 00000000 00000000 00000003 00000001 00000001 00000000 00000000 00000000 00000000 00000000 00000001 00000000 00000000 00000000 000007e8 00000024
016 0a040200001a 00000000 00000000 0000001a 00000001 00000001 00000000 00000000 00000000 00000000 00000000 00000001 00000000 00000000 00000000 000007e8 00000024
01a 0a045200001d 00000000 00000000 0000001d 00000001 00000001 00000000 00000000 00000000 00000000 00000000 00000001 00000000 00000000 00000000 000007e8 00000024
01d 014420000001 00000000 00000000 00000001 00000001 00000001 00000000 00000000 00000000 00000000 00000000 00000001 00000000 00000000 00000000 000007e8 00000024
01e 0b0402000025 00000000 00000000 00000025 00000001 00000000 00000000 00000000 00000000 00000000 00000000 00000001 00000000 00000000 00000000 000007e8 00000024
01f 0ff002000011 00000000 00000000 00000011 00000001 00000000 00000000 00000000 00000000 00000000 00000000 00000001 00000000 00000000 00000000 000007e8 00000024
011 00ee20000ffc 00000000 00000000 fffffffc 00000001 00000000 00000000 00000000 00000000 00000000 00000000 00000001 00000000 00000000 00000000 000007e8 00000020
012 114e20000000 00000000 00000000 00000000 00000001 00000000 00000000 00000000 00000000 00000000 00000000 00000001 00000000 00000000 00000000 000007e4 00000020
013 115e20000001 00000000 00000000 00000001 00000001 00000000 00000000 00000000 00000000 00000000 00000000 00000001 00000000 00000000 00000000 000007e4 00000020
014 110e2a000002 00000000 00000000 00000002 00000001 00000000 00000000 00000000 00000000 00000000 00000000 00000001 00000000 00000000 00000000 000007e4 00000020
015 11fe20000003 00000000 00000000 00000003 00000001 00000000 00000000 00000000 00000000 00000000 00000000 00000001 00000000 00000000 00000000 000007e4 00000020
016 0a040200001a 00000000 00000000 0000001a 00000001 00000000 00000000 00000000 00000000 00000000 00000000 00000001 00000000 00000000 00000000 000007e4 00000020
017 003200000001 00000000 00000000 00000001 00000001 00000000 00000000 00000000 00000000 00000000 00000000 00000001 00000000 00000000 00000000 000007e4 00000020
018 09000200001d 00000000 00000000 0000001d 00000001 00000000 00000000 00000000 00000000 00000000 00000000 00000001 00000000 00000000 00000000 000007e4 00000020
01d 014420000001 00000000 00000000 00000001 00000001 00000000 00000000 00000000 00000000 00000000 00000000 00000001 00000000 00000000 00000000 000007e4 00000020
01e 0b0402000025 00000000 00000000 00000025 00000001 ffffffff 00000000 00000000 00000000 00000000 00000000 00000001 00000000 00000000 00000000 000007e4 00000020
025 104e20000000 00000000 00000000 00000000 00000001 ffffffff 00000000 00000000 00000000 00000000 00000000 00000001 00000000 00000000 00000000 000007e4 00000020
026 105e20000001 00000000 00000000 00000001 00000001 00000000 00000000 00000000 00000000 00000000 00000000 00000001 00000000 00000000 00000000 000007e4 00000020
027 10ae20000002 00000000 00000000 00000002 00000001 00000000 00000000 00000000 00000000 00000000 00000000 00000001 00000000 00000000 00000000 000007e4 00000020
028 10fe20000003 00000000 00000000 00000003 00000001 00000000 00000000 00000000 00000000 00000000 00000000 00000001 00000000 00000000 00000000 000007e4 00000020
029 00ee20000004 00000000 00000000 00000004 00000001 00000000 00000000 00000000 00000000 00000000 00000000 00000001 00000000 00000000 00000000 000007e4 00000020
02a 09000f000000 00000000 00000000 00000000 00000001 00000000 00000000 00000000 00000000 00000000 00000000 00000001 00000000 00000000 00000000 000007e8 00000020
020 00a320000000 00000000 00000000 00000000 00000001 00000000 00000000 00000000 00000000 00000000 00000000 00000001 00000000 00000000 00000000 000007e8 00000020
021 005520000fff 00000000 00000000 ffffffff 00000001 00000000 00000000 00000000 00000000 00000000 00000000 00000001 00000000 00000000 00000000 000007e8 00000020
022 0b0502000025 00000000 00000000 00000025 00000001 00000000 ffffffff 00000000 00000000 00000000 00000000 00000001 00000000 00000000 00000000 000007e8 00000020
025 104e20000000 00000000 00000000 00000000 00000001 00000000 ffffffff 00000000 00000000 00000000 00000000 00000001 00000000 00000000 00000000 000007e8 00000020
026 105e20000001 00000000 00000000 00000001 00000001 00000001 ffffffff 00000000 00000000 00000000 00000000 00000001 00000000 00000000 00000000 000007e8 00000020
027 10ae20000002 00000000 00000000 00000002 00000001 00000001 00000000 00000000 00000000 00000000 00000000 00000001 00000000 00000000 00000000 000007e8 00000020
028 10fe20000003 00000000 00000000 00000003 00000001 00000001 00000000 00000000 00000000 00000000 00000000 00000001 00000000 00000000 00000000 000007e8 00000020
029 00ee20000004 00000000 00000000 00000004 00000001 00000001 00000000 00000000 00000000 00000000 00000000 00000001 00000000 00000000 00000000 000007e8 00000024
02a 09000f000000 00000000 00000000 00000000 00000001 00000001 00000000 00000000 00000000 00000000 00000000 00000001 00000000 00000000 00000000 000007ec 00000024
024 0033a0000000 00000000 00000000 00000000 00000001 00000001 00000000 00000000 00000000 00000000 00000000 00000001 00000000 00000000 00000000 000007ec 00000024
025 104e20000000 00000000 00000000 00000000 00000002 00000001 00000000 00000000 00000000 00000000 00000000 00000001 00000000 00000000 00000000 000007ec 00000024
026 105e20000001 00000000 00000000 00000001 00000002 00000002 00000000 00000000 00000000 00000000 00000000 00000001 00000000 00000000 00000000 000007ec 00000024
027 10ae20000002 00000000 00000000 00000002 00000002 00000002 00000001 00000000 00000000 00000000 00000000 00000001 00000000 00000000 00000000 000007ec 00000024
028 10fe20000003 00000000 00000000 00000003 00000002 00000002 00000001 00000000 00000000 00000000 00000000 00000001 00000000 00000000 00000000 000007ec 00000024
029 00ee20000004 00000000 00000000 00000004 00000002 00000002 00000001 00000000 00000000 00000000 00000000 00000001 00000000 00000000 00000000 000007ec 00000024
02a 09000f000000 00000000 00000000 00000000 00000002 00000002 00000001 00000000 00000000 00000000 00000000 00000001 00000000 00000000 00000000 000007f0 00000024
024 0033a0000000 00000000 00000000 00000000 00000002 00000002 00000001 00000000 00000000 00000000 00000000 00000001 00000000 00000000 00000000 000007f0 00000024
025 104e20000000 00000000 00000000 00000000 00000003 00000002 00000001 00000000 00000000 00000000 00000000 00000001 00000000 00000000 00000000 000007f0 00000024
026 105e20000001 00000000 00000000 00000001 00000003 00000003 00000001 00000000 00000000 00000000 00000000 00000001 00000000 00000000 00000000 000007f0 00000024
027 10ae20000002 00000000 00000000 00000002 00000003 00000003 00000002 00000000 00000000 00000000 00000000 00000001 00000000 00000000 00000000 000007f0 00000024
028 10fe20000003 00000000 00000000 00000003 00000003 00000003 00000002 00000000 00000000 00000000 00000000 00000004 00000000 00000000 00000000 000007f0 00000024
029 00ee20000004 00000000 00000000 00000004 00000003 00000003 00000002 00000000 00000000 00000000 00000000 00000004 00000000 00000000 00000000 000007f0 00000020
02a 09000f000000 00000000 00000000 00000000 00000003 00000003 00000002 00000000 00000000 00000000 00000000 00000004 00000000 00000000 00000000 000007f4 00000020
020 00a320000000 00000000 00000000 00000000 00000003 00000003 00000002 00000000 00000000 00000000 00000000 00000004 00000000 00000000 00000000 000007f4 00000020
021 005520000fff 00000000 00000000 ffffffff 00000003 00000003 00000002 00000000 00000000 00000000 00000000 00000003 00000000 00000000 00000000 000007f4 00000020
022 0b0502000025 00000000 00000000 00000025 00000003 00000003 00000001 00000000 00000000 00000000 00000000 00000003 00000000 00000000 00000000 000007f4 00000020
023 0ff002000011 00000000 00000000 00000011 00000003 00000003 00000001 00000000 00000000 00000000 00000000 00000003 00000000 00000000 00000000 000007f4 00000020
011 00ee20000ffc 00000000 00000000 fffffffc 00000003 00000003 00000001 00000000 00000000 00000000 00000000 00000003 00000000 00000000 00000000 000007f4 00000024
012 114e20000000 00000000 00000000 00000000 00000003 00000003 00000001 00000000 00000000 00000000 00000000 00000003 00000000 00000000 00000000 000007f0 00000024
013 115e20000001 00000000 00000000 00000001 00000003 00000003 00000001 00000000 00000000 00000000 00000000 00000003 00000000 00000000 00000000 000007f0 00000024
014 110e2a000002 00000000 00000000 00000002 00000003 00000003 00000001 00000000 00000000 00000000 00000000 00000003 00000000 00000000 00000000 000007f0 00000024
015 11fe20000003 00000000 00000000 00000003 00000003 00000003 00000001 00000000 00000000 00000000 00000000 00000003 00000000 00000000 00000000 000007f0 00000024
016 0a040200001a 00000000 00000000 0000001a 00000003 00000003 00000001 00000000 00000000 00000000 00000000 00000003 00000000 00000000 00000000 000007f0 00000024
01a 0a045200001d 00000000 00000000 0000001d 00000003 00000003 00000001 00000000 00000000 00000000 00000000 00000003 00000000 00000000 00000000 000007f0 00000024
01d 014420000001 00000000 00000000 00000001 00000003 00000003 00000001 00000000 00000000 00000000 00000000 00000003 00000000 00000000 00000000 000007f0 00000024
01e 0b0402000025 00000000 00000000 00000025 00000003 00000002 00000001 00000000 00000000 00000000 00000000 00000003 00000000 00000000 00000000 000007f0 00000024
01f 0ff002000011 00000000 00000000 00000011 00000003 00000002 00000001 00000000 00000000 00000000 00000000 00000003 00000000 00000000 00000000 000007f0 00000024
011 00ee20000ffc 00000000 00000000 fffffffc 00000003 00000002 00000001 00000000 00000000 00000000 00000000 00000003 00000000 00000000 00000000 000007f0 00000020
012 114e20000000 00000000 00000000 00000000 00000003 00000002 00000001 00000000 00000000 00000000 00000000 00000003 00000000 00000000 00000000 000007ec 00000020
013 115e20000001 00000000 00000000 00000001 00000003 00000002 00000001 00000000 00000000 00000000 00000000 00000003 00000000 00000000 00000000 000007ec 00000020
014 110e2a000002 00000000 00000000 00000002 00000003 00000002 00000001 00000000 00000000 00000000 00000000 00000003 00000000 00000000 00000000 000007ec 00000020
015 11fe20000003 00000000 00000000 00000003 00000003 00000002 00000001 00000000 00000000 00000000 00000000 00000003 00000000 00000000 00000000 000007ec 00000020
016 0a040200001a 00000000 00000000 0000001a 00000003 00000002 00000001 00000000 00000000 00000000 00000000 00000003 00000000 00000000 00000000 000007ec 00000020
01a 0a045200001d 00000000 00000000 0000001d 00000003 00000002 00000001 00000000 00000000 00000000 00000000 00000003 00000000 00000000 00000000 000007ec 00000020
01d 014420000001 00000000 00000000 00000001 00000003 00000002 00000001 00000000 00000000 00000000 00000000 00000003 00000000 00000000 00000000 000007ec 00000020
01e 0b0402000025 00000000 00000000 00000025 00000003 00000001 00000001 00000000 00000000 00000000 00000000 00000003 00000000 00000000 00000000 000007ec 00000020
01f 0ff002000011 00000000 00000000 00000011 00000003 00000001 00000001 00000000 00000000 00000000 00000000 00000003 00000000 00000000 00000000 000007ec 00000020
011 00ee20000ffc 00000000 00000000 fffffffc 00000003 00000001 00000001 00000000 00000000 00000000 00000000 00000003 00000000 00000000 00000000 000007ec 00000020
012 114e20000000 00000000 00000000 00000000 00000003 00000001 00000001 00000000 00000000 00000000 00000000 00000003 00000000 00000000 00000000 000007e8 00000020
013 115e20000001 00000000 00000000 00000001 00000003 00000001 00000001 00000000 00000000 00000000 00000000 00000003 00000000 00000000 00000000 000007e8 00000020
014 110e2a000002 00000000 00000000 00000002 00000003 00000001 00000001 00000000 00000000 00000000 00000000 00000003 00000000 00000000 00000000 000007e8 00000020
015 11fe20000003 00000000 00000000 00000003 00000003 00000001 00000001 00000000 00000000 00000000 00000000 00000003 00000000 00000000 00000000 000007e8 00000020
016 0a040200001a 00000000 00000000 0000001a 00000003 00000001 00000001 00000000 00000000 00000000 00000000 00000003 00000000 00000000 00000000 000007e8 00000020
01a 0a045200001d 00000000 00000000 0000001d 00000003 00000001 00000001 00000000 00000000 00000000 00000000 00000003 00000000 00000000 00000000 000007e8 00000020
01b 003200000001 00000000 00000000 00000001 00000003 00000001 00000001 00000000 00000000 00000000 00000000 00000003 00000000 00000000 00000000 000007e8 00000020
01c 090002000025 00000000 00000000 00000025 00000001 00000001 00000001 00000000 00000000 00000000 00000000 00000003 00000000 00000000 00000000 000007e8 00000020
025 104e20000000 00000000 00000000 00000000 00000001 00000001 00000001 00000000 00000000 00000000 00000000 00000003 00000000 00000000 00000000 000007e8 00000020
026 105e20000001 00000000 00000000 00000001 00000001 00000001 00000001 00000000 00000000 00000000 00000000 00000003 00000000 00000000 00000000 000007e8 00000020
027 10ae20000002 00000000 00000000 00000002 00000001 00000001 00000001 00000000 00000000 00000000 00000000 00000003 00000000 00000000 00000000 000007e8 00000020
028 10fe20000003 00000000 00000000 00000003 00000001 00000001 00000001 00000000 00000000 00000000 00000000 00000003 00000000 00000000 00000000 000007e8 00000020
029 00ee20000004 00000000 00000000 00000004 00000001 00000001 00000001 00000000 00000000 00000000 00000000 00000003 00000000 00000000 00000000 000007e8 00000020
02a 09000f000000 00000000 00000000 00000000 00000001 00000001 00000001 00000000 00000000 00000000 00000000 00000003 00000000 00000000 00000000 000007ec 00000020
020 00a320000000 00000000 00000000 00000000 00000001 00000001 00000001 00000000 00000000 00000000 00000000 00000003 00000000 00000000 00000000 000007ec 00000020
021 005520000fff 00000000 00000000 ffffffff 00000001 00000001 00000001 00000000 00000000 00000000 00000000 00000001 00000000 00000000 00000000 000007ec 00000020
022 0b0502000025 00000000 00000000 00000025 00000001 00000001 00000000 00000000 00000000 00000000 00000000 00000001 00000000 00000000 00000000 000007ec 00000020
023 0ff002000011 00000000 00000000 00000011 00000001 00000001 00000000 00000000 00000000 00000000 00000000 00000001 00000000 00000000 00000000 000007ec 00000020
011 00ee20000ffc 00000000 00000000 fffffffc 00000001 00000001 00000000 00000000 00000000 00000000 00000000 00000001 00000000 00000000 00000000 000007ec 00000024
012 114e20000000 00000000 00000000 00000000 00000001 00000001 00000000 00000000 00000000 00000000 00000000 00000001 00000000 00000000 00000000 000007e8 00000024
013 115e20000001 00000000 00000000 00000001 00000001 00000001 00000000 00000000 00000000 00000000 00000000 00000001 00000000 00000000 00000000 000007e8 00000024
014 110e2a000002 00000000 00000000 00000002 00000001 00000001 00000000 00000000 00000000 00000000 00000000 00000001 00000000 00000000 00000000 000007e8 00000024
015 11fe20000003 00000000 00000000 00000003 00000001 00000001 00000000 00000000 00000000 00000000 00000000 00000001 00000000 00000000 00000000 000007e8 00000024
016 0a040200001a 00000000 00000000 0000001a 00000001 00000001 00000000 00000000 00000000 00000000 00000000 00000001 00000000 00000000 00000000 000007e8 00000024
01a 0a045200001d 00000000 00000000 0000001d 00000001 00000001 00000000 00000000 00000000 00000000 00000000 00000001 00000000 00000000 00000000 000007e8 00000024
01d 014420000001 00000000 00000000 00000001 00000001 00000001 00000000 00000000 00000000 00000000 00000000 00000001 00000000 00000000 00000000 000007e8 00000024
01e 0b0402000025 00000000 00000000 00000025 00000001 00000000 00000000 00000000 00000000 00000000 00000000 00000001 00000000 00000000 00000000 000007e8 00000024
01f 0ff002000011 00000000 00000000 00000011 00000001 00000000 00000000 00000000 00000000 00000000 00000000 00000001 00000000 00000000 00000000 000007e8 00000024
011 00ee20000ffc 00000000 00000000 fffffffc 00000001 00000000 00000000 00000000 00000000 00000000 00000000 00000001 00000000 00000000 00000000 000007e8 00000020
012 114e20000000 00000000 00000000 00000000 00000001 00000000 00000000 00000000 00000000 00000000 00000000 00000001 00000000 00000000 00000000 000007e4 00000020
013 115e20000001 00000000 00000000 00000001 00000001 00000000 00000000 00000000 00000000 00000000 00000000 00000001 00000000 00000000 00000000 000007e4 00000020
014 110e2a000002 00000000 00000000 00000002 00000001 00000000 00000000 00000000 00000000 00000000 00000000 00000001 00000000 00000000 00000000 000007e4 00000020
015 11fe20000003 00000000 00000000 00000003 00000001 00000000 00000000 00000000 00000000 00000000 00000000 00000001 00000000 00000000 00000000 000007e4 00000020
016 0a040200001a 00000000 00000000 0000001a 00000001 00000000 00000000 00000000 00000000 00000000 00000000 00000001 00000000 00000000 00000000 000007e4 00000020
017 003200000001 00000000 00000000 00000001 00000001 00000000 00000000 00000000 00000000 00000000 00000000 00000001 00000000 00000000 00000000 000007e4 00000020
018 09000200001d 00000000 00000000 0000001d 00000001 00000000 00000000 00000000 00000000 00000000 00000000 00000001 00000000 00000000 00000000 000007e4 00000020
01d 014420000001 00000000 00000000 00000001 00000001 00000000 00000000 00000000 00000000 00000000 00000000 00000001 00000000 00000000 00000000 000007e4 00000020
01e 0b0402000025 00000000 00000000 00000025 00000001 ffffffff 00000000 00000000 00000000 00000000 00000000 00000001 00000000 00000000 00000000 000007e4 00000020
025 104e20000000 00000000 00000000 00000000 00000001 ffffffff 00000000 00000000 00000000 00000000 00000000 00000001 00000000 00000000 00000000 000007e4 00000020
026 105e20000001 00000000 00000000 00000001 00000001 00000000 00000000 00000000 00000000 00000000 00000000 00000001 00000000 00000000 00000000 000007e4 00000020
027 10ae20000002 00000000 00000000 00000002 00000001 00000000 00000000 00000000 00000000 00000000 00000000 00000001 00000000 00000000 00000000 000007e4 00000020
028 10fe20000003 00000000 00000000 00000003 00000001 00000000 00000000 00000000 00000000 00000000 00000000 00000001 00000000 00000000 00000000 000007e4 00000020
029 00ee20000004 00000000 00000000 00000004 00000001 00000000 00000000 00000000 00000000 00000000 00000000 00000001 00000000 00000000 00000000 000007e4 00000020
02a 09000f000000 00000000 00000000 00000000 00000001 00000000 00000000 00000000 00000000 00000000 00000000 00000001 00000000 00000000 00000000 000007e8 00000020
020 00a320000000 00000000 00000000 00000000 00000001 00000000 00000000 00000000 00000000 00000000 00000000 00000001 00000000 00000000 00000000 000007e8 00000020
021 005520000fff 00000000 00000000 ffffffff 00000001 00000000 00000000 00000000 00000000 00000000 00000000 00000001 00000000 00000000 00000000 000007e8 00000020
022 0b0502000025 00000000 00000000 00000025 00000001 00000000 ffffffff 00000000 00000000 00000000 00000000 00000001 00000000 00000000 00000000 000007e8 00000020
025 104e20000000 00000000 00000000 00000000 00000001 00000000 ffffffff 00000000 00000000 00000000 00000000 00000001 00000000 00000000 00000000 000007e8 00000020
026 105e20000001 00000000 00000000 00000001 00000001 00000001 ffffffff 00000000 00000000 00000000 00000000 00000001 00000000 00000000 00000000 000007e8 00000020
027 10ae20000002 00000000 00000000 00000002 00000001 00000001 00000000 00000000 00000000 00000000 00000000 00000001 00000000 00000000 00000000 000007e8 00000020
028 10fe20000003 00000000 00000000 00000003 00000001 00000001 00000000 00000000 00000000 00000000 00000000 00000001 00000000 00000000 00000000 000007e8 00000020
029 00ee20000004 00000000 00000000 00000004 00000001 00000001 00000000 00000000 00000000 00000000 00000000 00000001 00000000 00000000 00000000 000007e8 00000024
02a 09000f000000 00000000 00000000 00000000 00000001 00000001 00000000 00000000 00000000 00000000 00000000 00000001 00000000 00000000 00000000 000007ec 00000024
024 0033a0000000 00000000 00000000 00000000 00000001 00000001 00000000 00000000 00000000 00000000 00000000 00000001 00000000 00000000 00000000 000007ec 00000024
025 104e20000000 00000000 00000000 00000000 00000002 00000001 00000000 00000000 00000000 00000000 00000000 00000001 00000000 00000000 00000000 000007ec 00000024
026 105e20000001 00000000 00000000 00000001 00000002 00000002 00000000 00000000 00000000 00000000 00000000 00000001 00000000 00000000 00000000 000007ec 00000024
027 10ae20000002 00000000 00000000 00000002 00000002 00000002 00000001 00000000 00000000 00000000 00000000 00000001 00000000 00000000 00000000 000007ec 00000024
028 10fe20000003 00000000 00000000 00000003 00000002 00000002 00000001 00000000 00000000 00000000 00000000 00000003 00000000 00000000 00000000 000007ec 00000024
029 00ee20000004 00000000 00000000 00000004 00000002 00000002 00000001 00000000 00000000 00000000 00000000 00000003 00000000 00000000 00000000 000007ec 00000020
02a 09000f000000 00000000 00000000 00000000 00000002 00000002 00000001 00000000 00000000 00000000 00000000 00000003 00000000 00000000 00000000 000007f0 00000020
020 00a320000000 00000000 00000000 00000000 00000002 00000002 00000001 00000000 00000000 00000000 00000000 00000003 00000000 00000000 00000000 000007f0 00000020
021 005520000fff 00000000 00000000 ffffffff 00000002 00000002 00000001 00000000 00000000 00000000 00000000 00000002 00000000 00000000 00000000 000007f0 00000020
022 0b0502000025 00000000 00000000 00000025 00000002 00000002 00000000 00000000 00000000 00000000 00000000 00000002 00000000 00000000 00000000 000007f0 00000020
023 0ff002000011 00000000 00000000 00000011 00000002 00000002 00000000 00000000 00000000 00000000 00000000 00000002 00000000 00000000 00000000 000007f0 00000020
011 00ee20000ffc 00000000 00000000 fffffffc 00000002 00000002 00000000 00000000 00000000 00000000 00000000 00000002 00000000 00000000 00000000 000007f0 00000024
012 114e20000000 00000000 00000000 00000000 00000002 00000002 00000000 00000000 00000000 00000000 00000000 00000002 00000000 00000000 00000000 000007ec 00000024
013 115e20000001 00000000 00000000 00000001 00000002 00000002 00000000 00000000 00000000 00000000 00000000 00000002 00000000 00000000 00000000 000007ec 00000024
014 110e2a000002 00000000 00000000 00000002 00000002 00000002 00000000 00000000 00000000 00000000 00000000 00000002 00000000 00000000 00000000 000007ec 00000024
015 11fe20000003 00000000 00000000 00000003 00000002 00000002 00000000 00000000 00000000 00000000 00000000 00000002 00000000 00000000 00000000 000007ec 00000024
016 0a040200001a 00000000 00000000 0000001a 00000002 00000002 00000000 00000000 00000000 00000000 00000000 00000002 00000000 00000000 00000000 000007ec 00000024
01a 0a045200001d 00000000 00000000 0000001d 00000002 00000002 00000000 00000000 00000000 00000000 00000000 00000002 00000000 00000000 00000000 000007ec 00000024
01d 014420000001 00000000 00000000 00000001 00000002 00000002 00000000 00000000 00000000 00000000 00000000 00000002 00000000 00000000 00000000 000007ec 00000024
01e 0b0402000025 00000000 00000000 00000025 00000002 00000001 00000000 00000000 00000000 00000000 00000000 00000002 00000000 00000000 00000000 000007ec 00000024
01f 0ff002000011 00000000 00000000 00000011 00000002 00000001 00000000 00000000 00000000 00000000 00000000 00000002 00000000 00000000 00000000 000007ec 00000024
011 00ee20000ffc 00000000 00000000 fffffffc 00000002 00000001 00000000 00000000 00000000 00000000 00000000 00000002 00000000 00000000 00000000 000007ec 00000020
012 114e20000000 00000000 00000000 00000000 00000002 00000001 00000000 00000000 00000000 00000000 00000000 00000002 00000000 00000000 00000000 000007e8 00000020
013 115e20000001 00000000 00000000 00000001 00000002 00000001 00000000 00000000 00000000 00000000 00000000 00000002 00000000 00000000 00000000 000007e8 00000020
014 110e2a000002 00000000 00000000 00000002 00000002 00000001 00000000 00000000 00000000 00000000 00000000 00000002 00000000 00000000 00000000 000007e8 00000020
015 11fe20000003 00000000 00000000 00000003 00000002 00000001 00000000 00000000 00000000 00000000 00000000 00000002 00000000 00000000 00000000 000007e8 00000020
016 0a040200001a 00000000 00000000 0000001a 00000002 00000001 00000000 00000000 00000000 00000000 00000000 00000002 00000000 00000000 00000000 000007e8 00000020
01a 0a045200001d 00000000 00000000 0000001d 00000002 00000001 00000000 00000000 00000000 00000000 00000000 00000002 00000000 00000000 00000000 000007e8 00000020
01d 014420000001 00000000 00000000 00000001 00000002 00000001 00000000 00000000 00000000 00000000 00000000 00000002 00000000 00000000 00000000 000007e8 00000020
01e 0b0402000025 00000000 00000000 00000025 00000002 00000000 00000000 00000000 00000000 00000000 00000000 00000002 00000000 00000000 00000000 000007e8 00000020
01f 0ff002000011 00000000 00000000 00000011 00000002 00000000 00000000 00000000 00000000 00000000 00000000 00000002 00000000 00000000 00000000 000007e8 00000020
011 00ee20000ffc 00000000 00000000 fffffffc 00000002 00000000 00000000 00000000 00000000 00000000 00000000 00000002 00000000 00000000 00000000 000007e8 00000020
012 114e20000000 00000000 00000000 00000000 00000002 00000000 00000000 00000000 00000000 00000000 00000000 00000002 00000000 00000000 00000000 000007e4 00000020
013 115e20000001 00000000 00000000 00000001 00000002 00000000 00000000 00000000 00000000 00000000 00000000 00000002 00000000 00000000 00000000 000007e4 00000020
014 110e2a000002 00000000 00000000 00000002 00000002 00000000 00000000 00000000 00000000 00000000 00000000 00000002 00000000 00000000 00000000 000007e4 00000020
015 11fe20000003 00000000 00000000 00000003 00000002 00000000 00000000 00000000 00000000 00000000 00000000 00000002 00000000 00000000 00000000 000007e4 00000020
016 0a040200001a 00000000 00000000 0000001a 00000002 00000000 00000000 00000000 00000000 00000000 00000000 00000002 00000000 00000000 00000000 000007e4 00000020
017 003200000001 00000000 00000000 00000001 00000002 00000000 00000000 00000000 00000000 00000000 00000000 00000002 00000000 00000000 00000000 000007e4 00000020
018 09000200001d 00000000 00000000 0000001d 00000001 00000000 00000000 00000000 00000000 00000000 00000000 00000002 00000000 00000000 00000000 000007e4 00000020
01d 014420000001 00000000 00000000 00000001 00000001 00000000 00000000 00000000 00000000 00000000 00000000 00000002 00000000 00000000 00000000 000007e4 00000020
01e 0b0402000025 00000000 00000000 00000025 00000001 ffffffff 00000000 00000000 00000000 00000000 00000000 00000002 00000000 00000000 00000000 000007e4 00000020
025 104e20000000 00000000 00000000 00000000 00000001 ffffffff 00000000 00000000 00000000 00000000 00000000 00000002 00000000 00000000 00000000 000007e4 00000020
026 105e20000001 00000000 00000000 00000001 00000001 00000000 00000000 00000000 00000000 00000000 00000000 00000002 00000000 00000000 00000000 000007e4 00000020
027 10ae20000002 00000000 00000000 00000002 00000001 00000000 00000000 00000000 00000000 00000000 00000000 00000002 00000000 00000000 00000000 000007e4 00000020
028 10fe20000003 00000000 00000000 00000003 00000001 00000000 00000000 00000000 00000000 00000000 00000000 00000002 00000000 00000000 00000000 000007e4 00000020
029 00ee20000004 00000000 00000000 00000004 00000001 00000000 00000000 00000000 00000000 00000000 00000000 00000002 00000000 00000000 00000000 000007e4 00000020
02a 09000f000000 00000000 00000000 00000000 00000001 00000000 00000000 00000000 00000000 00000000 00000000 00000002 00000000 00000000 00000000 000007e8 00000020
020 00a320000000 00000000 00000000 00000000 00000001 00000000 00000000 00000000 00000000 00000000 00000000 00000002 00000000 00000000 00000000 000007e8 00000020
021 005520000fff 00000000 00000000 ffffffff 00000001 00000000 00000000 00000000 00000000 00000000 00000000 00000001 00000000 00000000 00000000 000007e8 00000020
022 0b0502000025 00000000 00000000 00000025 00000001 00000000 ffffffff 00000000 00000000 00000000 00000000 00000001 00000000 00000000 00000000 000007e8 00000020
025 104e20000000 00000000 00000000 00000000 00000001 00000000 ffffffff 00000000 00000000 00000000 00000000 00000001 00000000 00000000 00000000 000007e8 00000020
026 105e20000001 00000000 00000000 00000001 00000001 00000001 ffffffff 00000000 00000000 00000000 00000000 00000001 00000000 00000000 00000000 000007e8 00000020
027 10ae20000002 00000000 00000000 00000002 00000001 00000001 00000000 00000000 00000000 00000000 00000000 00000001 00000000 00000000 00000000 000007e8 00000020
028 10fe20000003 00000000 00000000 00000003 00000001 00000001 00000000 00000000 00000000 00000000 00000000 00000002 00000000 00000000 00000000 000007e8 00000020
029 00ee20000004 00000000 00000000 00000004 00000001 00000001 00000000 00000000 00000000 00000000 00000000 00000002 00000000 00000000 00000000 000007e8 00000020
02a 09000f000000 00000000 00000000 00000000 00000001 00000001 00000000 00000000 00000000 00000000 00000000 00000002 00000000 00000000 00000000 000007ec 00000020
020 00a320000000 00000000 00000000 00000000 00000001 00000001 00000000 00000000 00000000 00000000 00000000 00000002 00000000 00000000 00000000 000007ec 00000020
021 005520000fff 00000000 00000000 ffffffff 00000001 00000001 00000000 00000000 00000000 00000000 00000000 00000001 00000000 00000000 00000000 000007ec 00000020
022 0b0502000025 00000000 00000000 00000025 00000001 00000001 ffffffff 00000000 00000000 00000000 00000000 00000001 00000000 00000000 00000000 000007ec 00000020
025 104e20000000 00000000 00000000 00000000 00000001 00000001 ffffffff 00000000 00000000 00000000 00000000 00000001 00000000 00000000 00000000 000007ec 00000020
026 105e20000001 00000000 00000000 00000001 00000001 00000002 ffffffff 00000000 00000000 00000000 00000000 00000001 00000000 00000000 00000000 000007ec 00000020
027 10ae20000002 00000000 00000000 00000002 00000001 00000002 00000000 00000000 00000000 00000000 00000000 00000001 00000000 00000000 00000000 000007ec 00000020
028 10fe20000003 00000000 00000000 00000003 00000001 00000002 00000000 00000000 00000000 00000000 00000000 00000002 00000000 00000000 00000000 000007ec 00000020
029 00ee20000004 00000000 00000000 00000004 00000001 00000002 00000000 00000000 00000000 00000000 00000000 00000002 00000000 00000000 00000000 000007ec 00000024
02a 09000f000000 00000000 00000000 00000000 00000001 00000002 00000000 00000000 00000000 00000000 00000000 00000002 00000000 00000000 00000000 000007f0 00000024
024 0033a0000000 00000000 00000000 00000000 00000001 00000002 00000000 00000000 00000000 00000000 00000000 00000002 00000000 00000000 00000000 000007f0 00000024
025 104e20000000 00000000 00000000 00000000 00000003 00000002 00000000 00000000 00000000 00000000 00000000 00000002 00000000 00000000 00000000 000007f0 00000024
026 105e20000001 00000000 00000000 00000001 00000003 00000003 00000000 00000000 00000000 00000000 00000000 00000002 00000000 00000000 00000000 000007f0 00000024
027 10ae20000002 00000000 00000000 00000002 00000003 00000003 00000001 00000000 00000000 00000000 00000000 00000002 00000000 00000000 00000000 000007f0 00000024
028 10fe20000003 00000000 00000000 00000003 00000003 00000003 00000001 00000000 00000000 00000000 00000000 00000003 00000000 00000000 00000000 000007f0 00000024
029 00ee20000004 00000000 00000000 00000004 00000003 00000003 00000001 00000000 00000000 00000000 00000000 00000003 00000000 00000000 00000000 000007f0 00000024
02a 09000f000000 00000000 00000000 00000000 00000003 00000003 00000001 00000000 00000000 00000000 00000000 00000003 00000000 00000000 00000000 000007f4 00000024
024 0033a0000000 00000000 00000000 00000000 00000003 00000003 00000001 00000000 00000000 00000000 00000000 00000003 00000000 00000000 00000000 000007f4 00000024
025 104e20000000 00000000 00000000 00000000 00000006 00000003 00000001 00000000 00000000 00000000 00000000 00000003 00000000 00000000 00000000 000007f4 00000024
026 105e20000001 00000000 00000000 00000001 00000006 00000004 00000001 00000000 00000000 00000000 00000000 00000003 00000000 00000000 00000000 000007f4 00000024
027 10ae20000002 00000000 00000000 00000002 00000006 00000004 00000002 00000000 00000000 00000000 00000000 00000003 00000000 00000000 00000000 000007f4 00000024
028 10fe20000003 00000000 00000000 00000003 00000006 00000004 00000002 00000000 00000000 00000000 00000000 00000004 00000000 00000000 00000000 000007f4 00000024
029 00ee20000004 00000000 00000000 00000004 00000006 00000004 00000002 00000000 00000000 00000000 00000000 00000004 00000000 00000000 00000000 000007f4 00000024
02a 09000f000000 00000000 00000000 00000000 00000006 00000004 00000002 00000000 00000000 00000000 00000000 00000004 00000000 00000000 00000000 000007f8 00000024
024 0033a0000000 00000000 00000000 00000000 00000006 00000004 00000002 00000000 00000000 00000000 00000000 00000004 00000000 00000000 00000000 000007f8 00000024
025 104e20000000 00000000 00000000 00000000 0000000a 00000004 00000002 00000000 00000000 00000000 00000000 00000004 00000000 00000000 00000000 000007f8 00000024
026 105e20000001 00000000 00000000 00000001 0000000a 00000005 00000002 00000000 00000000 00000000 00000000 00000004 00000000 00000000 00000000 000007f8 00000024
027 10ae20000002 00000000 00000000 00000002 0000000a 00000005 00000003 00000000 00000000 00000000 00000000 00000004 00000000 00000000 00000000 000007f8 00000024
028 10fe20000003 00000000 00000000 00000003 0000000a 00000005 00000003 00000000 00000000 00000000 00000000 00000000 00000000 00000000 00000000 000007f8 00000024
029 00ee20000004 00000000 00000000 00000004 0000000a 00000005 00000003 00000000 00000000 00000000 00000000 00000000 00000000 00000000 00000000 000007f8 0000000a
02a 09000f000000 00000000 00000000 00000000 0000000a 00000005 00000003 00000000 00000000 00000000 00000000 00000000 00000000 00000000 00000000 000007fc 0000000a
00a 104e20000000 00000000 00000000 00000000 0000000a 00000005 00000003 00000000 00000000 00000000 00000000 00000000 00000000 00000000 00000000 000007fc 0000000a
00b 105e20000001 00000000 00000000 00000001 0000000a 00000000 00000003 00000000 00000000 00000000 00000000 00000000 00000000 00000000 00000000 000007fc 0000000a
00c 10ae20000002 00000000 00000000 00000002 0000000a 00000000 00000000 00000000 00000000 00000000 00000000 00000000 00000000 00000000 00000000 000007fc 0000000a
00d 10fe20000003 00000000 00000000 00000003 0000000a 00000000 00000000 00000000 00000000 00000000 00000000 00000000 00000000 00000000 00000000 000007fc 0000000a
00e 00ee20000004 00000000 00000000 00000004 0000000a 00000000 00000000 00000000 00000000 00000000 00000000 00000000 00000000 00000000 00000000 000007fc 00000000
00f 110023000102 00000000 00000000 00000102 0000000a 00000000 00000000 00000000 00000000 00000000 00000000 00000000 00000000 00000000 00000000 00000800 00000000
010 150000000000 00000000 00000000 00000000 0000000a 00000000 00000000 00000000 00000000 00000000 00000000 00000000 00000000 00000000 00000000 00000800 00000000
