000 06e12000100b 00000000 00000001 0000000b 00000000 00000000 00000000 00000000 00000000 00000000 00000000 00000000 00000000 00000000 00000000 00000000 00000000
001 00ee20000ffc 00000000 00000000 fffffffc 00000000 00000000 00000000 00000000 00000000 00000000 00000000 00000000 00000000 00000000 00000000 00000800 00000000
002 11ae20000000 00000000 00000000 00000000 00000000 00000000 00000000 00000000 00000000 00000000 00000000 00000000 00000000 00000000 00000000 000007fc 00000000
003 11be20000001 00000000 00000000 00000001 00000000 00000000 00000000 00000000 00000000 00000000 00000000 00000000 00000000 00000000 00000000 000007fc 00000000
004 11ce20000002 00000000 00000000 00000002 00000000 00000000 00000000 00000000 00000000 00000000 00000000 00000000 00000000 00000000 00000000 000007fc 00000000
005 11fe20000003 00000000 00000000 00000003 00000000 00000000 00000000 00000000 00000000 00000000 00000000 00000000 00000000 00000000 00000000 000007fc 00000000
006 00a200000100 00000000 00000000 00000100 00000000 00000000 00000000 00000000 00000000 00000000 00000000 00000000 00000000 00000000 00000000 000007fc 00000000
007 00b200000110 00000000 00000000 00000110 00000000 00000000 00000000 00000000 00000000 00000000 00000000 00000100 00000000 00000000 00000000 000007fc 00000000
008 00c200000120 00000000 00000000 00000120 00000000 00000000 00000000 00000000 00000000 00000000 00000000 00000100 00000110 00000000 00000000 000007fc 00000000
009 004002000000 00000000 00000000 00000000 00000000 00000000 00000000 00000000 00000000 00000000 00000000 00000100 00000110 00000120 00000000 000007fc 00000000
00a 005002000000 00000000 00000000 00000000 00000000 00000000 00000000 00000000 00000000 00000000 00000000 00000100 00000110 00000120 00000000 000007fc 00000000
00b 0b051200400f 00000000 00000004 0000000f 00000000 00000000 00000000 00000000 00000000 00000000 00000000 00000100 00000110 00000120 00000000 000007fc 00000000
00f 02842a000004 00000000 00000000 00000004 00000000 00000000 00000000 00000000 00000000 00000000 00000000 00000100 00000110 00000120 00000000 000007fc 00000000
010 009b50000000 00000000 00000000 00000000 00000000 00000000 00000000 00000000 00000000 00000100 00000000 00000100 00000110 00000120 00000000 000007fc 00000000
011 108820000000 00000000 00000000 00000000 00000000 00000000 00000000 00000000 00000000 00000100 00000110 00000100 00000110 00000120 00000000 000007fc 00000000
012 109920000000 00000000 00000000 00000000 00000000 00000000 00000000 00000000 00000000 00000007 00000110 00000100 00000110 00000120 00000000 000007fc 00000000
013 027890000000 00000000 00000000 00000000 00000000 00000000 00000000 00000000 00000000 00000007 00000004 00000100 00000110 00000120 00000000 000007fc 00000000
014 02842a000004 00000000 00000000 00000004 00000000 00000000 00000000 00000000 0000001c 00000007 00000004 00000100 00000110 00000120 00000000 000007fc 00000000
015 009b50000000 00000000 00000000 00000000 00000000 00000000 00000000 00000000 0000001c 00000100 00000004 00000100 00000110 00000120 00000000 000007fc 00000000
016 108820000001 00000000 00000000 00000001 00000000 00000000 00000000 00000000 0000001c 00000100 00000110 00000100 00000110 00000120 00000000 000007fc 00000000
017 109920000004 00000000 00000000 00000004 00000000 00000000 00000000 00000000 0000001c 00000005 00000110 00000100 00000110 00000120 00000000 000007fc 00000000
018 027897000000 00000000 00000000 00000000 00000000 00000000 00000000 00000000 0000001c 00000005 00000007 00000100 00000110 00000120 00000000 000007fc 00000000
019 02842a000004 00000000 00000000 00000004 00000000 00000000 00000000 00000000 0000003f 00000005 00000007 00000100 00000110 00000120 00000000 000007fc 00000000
01a 009b50000000 00000000 00000000 00000000 00000000 00000000 00000000 00000000 0000003f 00000100 00000007 00000100 00000110 00000120 00000000 000007fc 00000000
01b 108820000002 00000000 00000000 00000002 00000000 00000000 00000000 00000000 0000003f 00000100 00000110 00000100 00000110 00000120 00000000 000007fc 00000000
01c 109920000008 00000000 00000000 00000008 00000000 00000000 00000000 00000000 0000003f 00000008 00000110 00000100 00000110 00000120 00000000 000007fc 00000000
01d 027897000000 00000000 00000000 00000000 00000000 00000000 00000000 00000000 0000003f 00000008 00000004 00000100 00000110 00000120 00000000 000007fc 00000000
01e 02842a000004 00000000 00000000 00000004 00000000 00000000 00000000 00000000 0000005f 00000008 00000004 00000100 00000110 00000120 00000000 000007fc 00000000
01f 009b50000000 00000000 00000000 00000000 00000000 00000000 00000000 00000000 0000005f 00000100 00000004 00000100 00000110 00000120 00000000 000007fc 00000000
020 108820000003 00000000 00000000 00000003 00000000 00000000 00000000 00000000 0000005f 00000100 00000110 00000100 00000110 00000120 00000000 000007fc 00000000
021 10992000000c 00000000 00000000 0000000c 00000000 00000000 00000000 00000000 0000005f 00000002 00000110 00000100 00000110 00000120 00000000 000007fc 00000000
022 027897000000 00000000 00000000 00000000 00000000 00000000 00000000 00000000 0000005f 00000002 00000006 00000100 00000110 00000120 00000000 000007fc 00000000
023 003700000000 00000000 00000000 00000000 00000000 00000000 00000000 00000000 0000006b 00000002 00000006 00000100 00000110 00000120 00000000 000007fc 00000000
024 029425000004 00000000 00000000 00000004 0000006b 00000000 00000000 00000000 0000006b 00000002 00000006 00000100 00000110 00000120 00000000 000007fc 00000000
025 1139c0000000 00000000 00000000 00000000 0000006b 00000000 00000000 00000000 0000006b 00000002 00000000 00000100 00000110 00000120 00000000 000007fc 00000000
026 005520000001 00000000 00000000 00000001 0000006b 00000000 00000000 00000000 0000006b 00000002 00000000 00000100 00000110 00000120 00000000 000007fc 00000000
027 0ff00200000b 00000000 00000000 0000000b 0000006b 00000000 00000001 00000000 0000006b 00000002 00000000 00000100 00000110 00000120 00000000 000007fc 00000000
00b 0b051200400f 00000000 00000004 0000000f 0000006b 00000000 00000001 00000000 0000006b 00000002 00000000 00000100 00000110 00000120 00000000 000007fc 00000028
00f 02842a000004 00000000 00000000 00000004 0000006b 00000000 00000001 00000000 0000006b 00000002 00000000 00000100 00000110 00000120 00000000 000007fc 00000028
010 009b50000000 00000000 00000000 00000000 0000006b 00000000 00000001 00000000 0000006b 00000100 00000000 00000100 00000110 00000120 00000000 000007fc 00000028
011 108820000000 00000000 00000000 00000000 0000006b 00000000 00000001 00000000 0000006b 00000100 00000111 00000100 00000110 00000120 00000000 000007fc 00000028
012 109920000000 00000000 00000000 00000000 0000006b 00000000 00000001 00000000 0000006b 00000007 00000111 00000100 00000110 00000120 00000000 000007fc 00000028
013 027890000000 00000000 00000000 00000000 0000006b 00000000 00000001 00000000 0000006b 00000007 00000001 00000100 00000110 00000120 00000000 000007fc 00000028
014 02842a000004 00000000 00000000 00000004 0000006b 00000000 00000001 00000000 00000007 00000007 00000001 00000100 00000110 00000120 00000000 000007fc 00000028
015 009b50000000 00000000 00000000 00000000 0000006b 00000000 00000001 00000000 00000007 00000100 00000001 00000100 00000110 00000120 00000000 000007fc 00000028
016 108820000001 00000000 00000000 00000001 0000006b 00000000 00000001 00000000 00000007 00000100 00000111 00000100 00000110 00000120 00000000 000007fc 00000028
017 109920000004 00000000 00000000 00000004 0000006b 00000000 00000001 00000000 00000007 00000005 00000111 00000100 00000110 00000120 00000000 000007fc 00000028
018 027897000000 00000000 00000000 00000000 0000006b 00000000 00000001 00000000 00000007 00000005 00000006 00000100 00000110 00000120 00000000 000007fc 00000028
019 02842a000004 00000000 00000000 00000004 0000006b 00000000 00000001 00000000 00000025 00000005 00000006 00000100 00000110 00000120 00000000 000007fc 00000028
01a 009b50000000 00000000 00000000 00000000 0000006b 00000000 00000001 00000000 00000025 00000100 00000006 00000100 00000110 00000120 00000000 000007fc 00000028
01b 108820000002 00000000 00000000 00000002 0000006b 00000000 00000001 00000000 00000025 00000100 00000111 00000100 00000110 00000120 00000000 000007fc 00000028
01c 109920000008 00000000 00000000 00000008 0000006b 00000000 00000001 00000000 00000025 00000008 00000111 00000100 00000110 00000120 00000000 000007fc 00000028
01d 027897000000 00000000 00000000 00000000 0000006b 00000000 00000001 00000000 00000025 00000008 00000002 00000100 00000110 00000120 00000000 000007fc 00000028
01e 02842a000004 00000000 00000000 00000004 0000006b 00000000 00000001 00000000 00000035 00000008 00000002 00000100 00000110 00000120 00000000 000007fc 00000028
01f 009b50000000 00000000 00000000 00000000 0000006b 00000000 00000001 00000000 00000035 00000100 00000002 00000100 00000110 00000120 00000000 000007fc 00000028
020 108820000003 00000000 00000000 00000003 0000006b 00000000 00000001 00000000 00000035 00000100 00000111 00000100 00000110 00000120 00000000 000007fc 00000028
021 10992000000c 00000000 00000000 0000000c 0000006b 00000000 00000001 00000000 00000035 00000002 00000111 00000100 00000110 00000120 00000000 000007fc 00000028
022 027897000000 00000000 00000000 00000000 0000006b 00000000 00000001 00000000 00000035 00000002 00000008 00000100 00000110 00000120 00000000 000007fc 00000028
023 003700000000 00000000 00000000 00000000 0000006b 00000000 00000001 00000000 00000045 00000002 00000008 00000100 00000110 00000120 00000000 000007fc 00000028
024 029425000004 00000000 00000000 00000004 00000045 00000000 00000001 00000000 00000045 00000002 00000008 00000100 00000110 00000120 00000000 000007fc 00000028
025 1139c0000000 00000000 00000000 00000000 00000045 00000000 00000001 00000000 00000045 00000002 00000001 00000100 00000110 00000120 00000000 000007fc 00000028
026 005520000001 00000000 00000000 00000001 00000045 00000000 00000001 00000000 00000045 00000002 00000001 00000100 00000110 00000120 00000000 000007fc 00000028
027 0ff00200000b 00000000 00000000 0000000b 00000045 00000000 00000002 00000000 00000045 00000002 00000001 00000100 00000110 00000120 00000000 000007fc 00000028
00b 0b051200400f 00000000 00000004 0000000f 00000045 00000000 00000002 00000000 00000045 00000002 00000001 00000100 00000110 00000120 00000000 000007fc 00000028
00f 02842a000004 00000000 00000000 00000004 00000045 00000000 00000002 00000000 00000045 00000002 00000001 00000100 00000110 00000120 00000000 000007fc 00000028
010 009b50000000 00000000 00000000 00000000 00000045 00000000 00000002 00000000 00000045 00000100 00000001 00000100 00000110 00000120 00000000 000007fc 00000028
011 108820000000 00000000 00000000 00000000 00000045 00000000 00000002 00000000 00000045 00000100 00000112 00000100 00000110 00000120 00000000 000007fc 00000028
012 109920000000 00000000 00000000 00000000 00000045 00000000 00000002 00000000 00000045 00000007 00000112 00000100 00000110 00000120 00000000 000007fc 00000028
013 027890000000 00000000 00000000 00000000 00000045 00000000 00000002 00000000 00000045 00000007 00000002 00000100 00000110 00000120 00000000 000007fc 00000028
014 02842a000004 00000000 00000000 00000004 00000045 00000000 00000002 00000000 0000000e 00000007 00000002 00000100 00000110 00000120 00000000 000007fc 00000028
015 009b50000000 00000000 00000000 00000000 00000045 00000000 00000002 00000000 0000000e 00000100 00000002 00000100 00000110 00000120 00000000 000007fc 00000028
016 108820000001 00000000 00000000 00000001 00000045 00000000 00000002 00000000 0000000e 00000100 00000112 00000100 00000110 00000120 00000000 000007fc 00000028
017 109920000004 00000000 00000000 00000004 00000045 00000000 00000002 00000000 0000000e 00000005 00000112 00000100 00000110 00000120 00000000 000007fc 00000028
018 027897000000 00000000 00000000 00000000 00000045 00000000 00000002 00000000 0000000e 00000005 00000001 00000100 00000110 00000120 00000000 000007fc 00000028
019 02842a000004 00000000 00000000 00000004 00000045 00000000 00000002 00000000 00000013 00000005 00000001 00000100 00000110 00000120 00000000 000007fc 00000028
01a 009b50000000 00000000 00000000 00000000 00000045 00000000 00000002 00000000 00000013 00000100 00000001 00000100 00000110 00000120 00000000 000007fc 00000028
01b 108820000002 00000000 00000000 00000002 00000045 00000000 00000002 00000000 00000013 00000100 00000112 00000100 00000110 00000120 00000000 000007fc 00000028
01c 109920000008 00000000 00000000 00000008 00000045 00000000 00000002 00000000 00000013 00000008 00000112 00000100 00000110 00000120 00000000 000007fc 00000028
01d 027897000000 00000000 00000000 00000000 00000045 00000000 00000002 00000000 00000013 00000008 0000000a 00000100 00000110 00000120 00000000 000007fc 00000028
01e 02842a000004 00000000 00000000 00000004 00000045 00000000 00000002 00000000 00000063 00000008 0000000a 00000100 00000110 00000120 00000000 000007fc 00000028
01f 009b50000000 00000000 00000000 00000000 00000045 00000000 00000002 00000000 00000063 00000100 0000000a 00000100 00000110 00000120 00000000 000007fc 00000028
020 108820000003 00000000 00000000 00000003 00000045 00000000 00000002 00000000 00000063 00000100 00000112 00000100 00000110 00000120 00000000 000007fc 00000028
021 10992000000c 00000000 00000000 0000000c 00000045 00000000 00000002 00000000 00000063 00000002 00000112 00000100 00000110 00000120 00000000 000007fc 00000028
022 027897000000 00000000 00000000 00000000 00000045 00000000 00000002 00000000 00000063 00000002 00000005 00000100 00000110 00000120 00000000 000007fc 00000028
023 003700000000 00000000 00000000 00000000 00000045 00000000 00000002 00000000 0000006d 00000002 00000005 00000100 00000110 00000120 00000000 000007fc 00000028
024 029425000004 00000000 00000000 00000004 0000006d 00000000 00000002 00000000 0000006d 00000002 00000005 00000100 00000110 00000120 00000000 000007fc 00000028
025 1139c0000000 00000000 00000000 00000000 0000006d 00000000 00000002 00000000 0000006d 00000002 00000002 00000100 00000110 00000120 00000000 000007fc 00000028
026 005520000001 00000000 00000000 00000001 0000006d 00000000 00000002 00000000 0000006d 00000002 00000002 00000100 00000110 00000120 00000000 000007fc 00000028
027 0ff00200000b 00000000 00000000 0000000b 0000006d 00000000 00000003 00000000 0000006d 00000002 00000002 00000100 00000110 00000120 00000000 000007fc 00000028
00b 0b051200400f 00000000 00000004 0000000f 0000006d 00000000 00000003 00000000 0000006d 00000002 00000002 00000100 00000110 00000120 00000000 000007fc 00000028
00f 02842a000004 00000000 00000000 00000004 0000006d 00000000 00000003 00000000 0000006d 00000002 00000002 00000100 00000110 00000120 00000000 000007fc 00000028
010 009b50000000 00000000 00000000 00000000 0000006d 00000000 00000003 00000000 0000006d 00000100 00000002 00000100 00000110 00000120 00000000 000007fc 00000028
011 108820000000 00000000 00000000 00000000 0000006d 00000000 00000003 00000000 0000006d 00000100 00000113 00000100 00000110 00000120 00000000 000007fc 00000028
012 109920000000 00000000 00000000 00000000 0000006d 00000000 00000003 00000000 0000006d 00000007 00000113 00000100 00000110 00000120 00000000 000007fc 00000028
013 027890000000 00000000 00000000 00000000 0000006d 00000000 00000003 00000000 0000006d 00000007 00000003 00000100 00000110 00000120 00000000 000007fc 00000028
014 02842a000004 00000000 00000000 00000004 0000006d 00000000 00000003 00000000 00000015 00000007 00000003 00000100 00000110 00000120 00000000 000007fc 00000028
015 009b50000000 00000000 00000000 00000000 0000006d 00000000 00000003 00000000 00000015 00000100 00000003 00000100 00000110 00000120 00000000 000007fc 00000028
016 108820000001 00000000 00000000 00000001 0000006d 00000000 00000003 00000000 00000015 00000100 00000113 00000100 00000110 00000120 00000000 000007fc 00000028
017 109920000004 00000000 00000000 00000004 0000006d 00000000 00000003 00000000 00000015 00000005 00000113 00000100 00000110 00000120 00000000 000007fc 00000028
018 027897000000 00000000 00000000 00000000 0000006d 00000000 00000003 00000000 00000015 00000005 00000009 00000100 00000110 00000120 00000000 000007fc 00000028
019 02842a000004 00000000 00000000 00000004 0000006d 00000000 00000003 00000000 00000042 00000005 00000009 00000100 00000110 00000120 00000000 000007fc 00000028
01a 009b50000000 00000000 00000000 00000000 0000006d 00000000 00000003 00000000 00000042 00000100 00000009 00000100 00000110 00000120 00000000 000007fc 00000028
01b 108820000002 00000000 00000000 00000002 0000006d 00000000 00000003 00000000 00000042 00000100 00000113 00000100 00000110 00000120 00000000 000007fc 00000028
01c 109920000008 00000000 00000000 00000008 0000006d 00000000 00000003 00000000 00000042 00000008 00000113 00000100 00000110 00000120 00000000 000007fc 00000028
01d 027897000000 00000000 00000000 00000000 0000006d 00000000 00000003 00000000 00000042 00000008 00000003 00000100 00000110 00000120 00000000 000007fc 00000028
01e 02842a000004 00000000 00000000 00000004 0000006d 00000000 00000003 00000000 0000005a 00000008 00000003 00000100 00000110 00000120 00000000 000007fc 00000028
01f 009b50000000 00000000 00000000 00000000 0000006d 00000000 00000003 00000000 0000005a 00000100 00000003 00000100 00000110 00000120 00000000 000007fc 00000028
020 108820000003 00000000 00000000 00000003 0000006d 00000000 00000003 00000000 0000005a 00000100 00000113 00000100 00000110 00000120 00000000 000007fc 00000028
021 10992000000c 00000000 00000000 0000000c 0000006d 00000000 00000003 00000000 0000005a 00000002 00000113 00000100 00000110 00000120 00000000 000007fc 00000028
022 027897000000 00000000 00000000 00000000 0000006d 00000000 00000003 00000000 0000005a 00000002 00000004 00000100 00000110 00000120 00000000 000007fc 00000028
023 003700000000 00000000 00000000 00000000 0000006d 00000000 00000003 00000000 00000062 00000002 00000004 00000100 00000110 00000120 00000000 000007fc 00000028
024 029425000004 00000000 00000000 00000004 00000062 00000000 00000003 00000000 00000062 00000002 00000004 00000100 00000110 00000120 00000000 000007fc 00000028
025 1139c0000000 00000000 00000000 00000000 00000062 00000000 00000003 00000000 00000062 00000002 00000003 00000100 00000110 00000120 00000000 000007fc 00000028
026 005520000001 00000000 00000000 00000001 00000062 00000000 00000003 00000000 00000062 00000002 00000003 00000100 00000110 00000120 00000000 000007fc 00000028
027 0ff00200000b 00000000 00000000 0000000b 00000062 00000000 00000004 00000000 00000062 00000002 00000003 00000100 00000110 00000120 00000000 000007fc 00000028
00b 0b051200400f 00000000 00000004 0000000f 00000062 00000000 00000004 00000000 00000062 00000002 00000003 00000100 00000110 00000120 00000000 000007fc 00000028
00c 004420000001 00000000 00000000 00000001 00000062 00000000 00000004 00000000 00000062 00000002 00000003 00000100 00000110 00000120 00000000 000007fc 00000028
00d 005020000000 00000000 00000000 00000000 00000062 00000001 00000004 00000000 00000062 00000002 00000003 00000100 00000110 00000120 00000000 000007fc 00000028
00e 090412004028 00000000 00000004 00000028 00000062 00000001 00000000 00000000 00000062 00000002 00000003 00000100 00000110 00000120 00000000 000007fc 00000028
00f 02842a000004 00000000 00000000 00000004 00000062 00000001 00000000 00000000 00000062 00000002 00000003 00000100 00000110 00000120 00000000 000007fc 00000028
010 009b50000000 00000000 00000000 00000000 00000062 00000001 00000000 00000000 00000062 00000104 00000003 00000100 00000110 00000120 00000000 000007fc 00000028
011 108820000000 00000000 00000000 00000000 00000062 00000001 00000000 00000000 00000062 00000104 00000110 00000100 00000110 00000120 00000000 000007fc 00000028
012 109920000000 00000000 00000000 00000000 00000062 00000001 00000000 00000000 00000062 00000001 00000110 00000100 00000110 00000120 00000000 000007fc 00000028
013 027890000000 00000000 00000000 00000000 00000062 00000001 00000000 00000000 00000062 00000001 00000004 00000100 00000110 00000120 00000000 000007fc 00000028
014 02842a000004 00000000 00000000 00000004 00000062 00000001 00000000 00000000 00000004 00000001 00000004 00000100 00000110 00000120 00000000 000007fc 00000028
015 009b50000000 00000000 00000000 00000000 00000062 00000001 00000000 00000000 00000004 00000104 00000004 00000100 00000110 00000120 00000000 000007fc 00000028
016 108820000001 00000000 00000000 00000001 00000062 00000001 00000000 00000000 00000004 00000104 00000110 00000100 00000110 00000120 00000000 000007fc 00000028
017 109920000004 00000000 00000000 00000004 00000062 00000001 00000000 00000000 00000004 00000009 00000110 00000100 00000110 00000120 00000000 000007fc 00000028
018 027897000000 00000000 00000000 00000000 00000062 00000001 00000000 00000000 00000004 00000009 00000007 00000100 00000110 00000120 00000000 000007fc 00000028
019 02842a000004 00000000 00000000 00000004 00000062 00000001 00000000 00000000 00000043 00000009 00000007 00000100 00000110 00000120 00000000 000007fc 00000028
01a 009b50000000 00000000 00000000 00000000 00000062 00000001 00000000 00000000 00000043 00000104 00000007 00000100 00000110 00000120 00000000 000007fc 00000028
01b 108820000002 00000000 00000000 00000002 00000062 00000001 00000000 00000000 00000043 00000104 00000110 00000100 00000110 00000120 00000000 000007fc 00000028
01c 109920000008 00000000 00000000 00000008 00000062 00000001 00000000 00000000 00000043 00000006 00000110 00000100 00000110 00000120 00000000 000007fc 00000028
01d 027897000000 00000000 00000000 00000000 00000062 00000001 00000000 00000000 00000043 00000006 00000004 00000100 00000110 00000120 00000000 000007fc 00000028
01e 02842a000004 00000000 00000000 00000004 00000062 00000001 00000000 00000000 0000005b 00000006 00000004 00000100 00000110 00000120 00000000 000007fc 00000028
01f 009b50000000 00000000 00000000 00000000 00000062 00000001 00000000 00000000 0000005b 00000104 00000004 00000100 00000110 00000120 00000000 000007fc 00000028
020 108820000003 00000000 00000000 00000003 00000062 00000001 00000000 00000000 0000005b 00000104 00000110 00000100 00000110 00000120 00000000 000007fc 00000028
021 10992000000c 00000000 00000000 0000000c 00000062 00000001 00000000 00000000 0000005b 0000000a 00000110 00000100 00000110 00000120 00000000 000007fc 00000028
022 027897000000 00000000 00000000 00000000 00000062 00000001 00000000 00000000 0000005b 0000000a 00000006 00000100 00000110 00000120 00000000 000007fc 00000028
023 003700000000 00000000 00000000 00000000 00000062 00000001 00000000 00000000 00000097 0000000a 00000006 00000100 00000110 00000120 00000000 000007fc 00000028
024 029425000004 00000000 00000000 00000004 00000097 00000001 00000000 00000000 00000097 0000000a 00000006 00000100 00000110 00000120 00000000 000007fc 00000028
025 1139c0000000 00000000 00000000 00000000 00000097 00000001 00000000 00000000 00000097 0000000a 00000004 00000100 00000110 00000120 00000000 000007fc 00000028
026 005520000001 00000000 00000000 00000001 00000097 00000001 00000000 00000000 00000097 0000000a 00000004 00000100 00000110 00000120 00000000 000007fc 00000028
027 0ff00200000b 00000000 00000000 0000000b 00000097 00000001 00000001 00000000 00000097 0000000a 00000004 00000100 00000110 00000120 00000000 000007fc 00000028
00b 0b051200400f 00000000 00000004 0000000f 00000097 00000001 00000001 00000000 00000097 0000000a 00000004 00000100 00000110 00000120 00000000 000007fc 00000028
00f 02842a000004 00000000 00000000 00000004 00000097 00000001 00000001 00000000 00000097 0000000a 00000004 00000100 00000110 00000120 00000000 000007fc 00000028
010 009b50000000 00000000 00000000 00000000 00000097 00000001 00000001 00000000 00000097 00000104 00000004 00000100 00000110 00000120 00000000 000007fc 00000028
011 108820000000 00000000 00000000 00000000 00000097 00000001 00000001 00000000 00000097 00000104 00000111 00000100 00000110 00000120 00000000 000007fc 00000028
012 109920000000 00000000 00000000 00000000 00000097 00000001 00000001 00000000 00000097 00000001 00000111 00000100 00000110 00000120 00000000 000007fc 00000028
013 027890000000 00000000 00000000 00000000 00000097 00000001 00000001 00000000 00000097 00000001 00000001 00000100 00000110 00000120 00000000 000007fc 00000028
014 02842a000004 00000000 00000000 00000004 00000097 00000001 00000001 00000000 00000001 00000001 00000001 00000100 00000110 00000120 00000000 000007fc 00000028
015 009b50000000 00000000 00000000 00000000 00000097 00000001 00000001 00000000 00000001 00000104 00000001 00000100 00000110 00000120 00000000 000007fc 00000028
016 108820000001 00000000 00000000 00000001 00000097 00000001 00000001 00000000 00000001 00000104 00000111 00000100 00000110 00000120 00000000 000007fc 00000028
017 109920000004 00000000 00000000 00000004 00000097 00000001 00000001 00000000 00000001 00000009 00000111 00000100 00000110 00000120 00000000 000007fc 00000028
018 027897000000 00000000 00000000 00000000 00000097 00000001 00000001 00000000 00000001 00000009 00000006 00000100 00000110 00000120 00000000 000007fc 00000028
019 02842a000004 00000000 00000000 00000004 00000097 00000001 00000001 00000000 00000037 00000009 00000006 00000100 00000110 00000120 00000000 000007fc 00000028
01a 009b50000000 00000000 00000000 00000000 00000097 00000001 00000001 00000000 00000037 00000104 00000006 00000100 00000110 00000120 00000000 000007fc 00000028
01b 108820000002 00000000 00000000 00000002 00000097 00000001 00000001 00000000 00000037 00000104 00000111 00000100 00000110 00000120 00000000 000007fc 00000028
01c 109920000008 00000000 00000000 00000008 00000097 00000001 00000001 00000000 00000037 00000006 00000111 00000100 00000110 00000120 00000000 000007fc 00000028
01d 027897000000 00000000 00000000 00000000 00000097 00000001 00000001 00000000 00000037 00000006 00000002 00000100 00000110 00000120 00000000 000007fc 00000028
01e 02842a000004 00000000 00000000 00000004 00000097 00000001 00000001 00000000 00000043 00000006 00000002 00000100 00000110 00000120 00000000 000007fc 00000028
01f 009b50000000 00000000 00000000 00000000 00000097 00000001 00000001 00000000 00000043 00000104 00000002 00000100 00000110 00000120 00000000 000007fc 00000028
020 108820000003 00000000 00000000 00000003 00000097 00000001 00000001 00000000 00000043 00000104 00000111 00000100 00000110 00000120 00000000 000007fc 00000028
021 10992000000c 00000000 00000000 0000000c 00000097 00000001 00000001 00000000 00000043 0000000a 00000111 00000100 00000110 00000120 00000000 000007fc 00000028
022 027897000000 00000000 00000000 00000000 00000097 00000001 00000001 00000000 00000043 0000000a 00000008 00000100 00000110 00000120 00000000 000007fc 00000028
023 003700000000 00000000 00000000 00000000 00000097 00000001 00000001 00000000 00000093 0000000a 00000008 00000100 00000110 00000120 00000000 000007fc 00000028
024 029425000004 00000000 00000000 00000004 00000093 00000001 00000001 00000000 00000093 0000000a 00000008 00000100 00000110 00000120 00000000 000007fc 00000028
025 1139c0000000 00000000 00000000 00000000 00000093 00000001 00000001 00000000 00000093 0000000a 00000005 00000100 00000110 00000120 00000000 000007fc 00000028
026 005520000001 00000000 00000000 00000001 00000093 00000001 00000001 00000000 00000093 0000000a 00000005 00000100 00000110 00000120 00000000 000007fc 00000028
027 0ff00200000b 00000000 00000000 0000000b 00000093 00000001 00000002 00000000 00000093 0000000a 00000005 00000100 00000110 00000120 00000000 000007fc 00000028
00b 0b051200400f 00000000 00000004 0000000f 00000093 00000001 00000002 00000000 00000093 0000000a 00000005 00000100 00000110 00000120 00000000 000007fc 00000028
00f 02842a000004 00000000 00000000 00000004 00000093 00000001 00000002 00000000 00000093 0000000a 00000005 00000100 00000110 00000120 00000000 000007fc 00000028
010 009b50000000 00000000 00000000 00000000 00000093 00000001 00000002 00000000 00000093 00000104 00000005 00000100 00000110 00000120 00000000 000007fc 00000028
011 108820000000 00000000 00000000 00000000 00000093 00000001 00000002 00000000 00000093 00000104 00000112 00000100 00000110 00000120 00000000 000007fc 00000028
012 109920000000 00000000 00000000 00000000 00000093 00000001 00000002 00000000 00000093 00000001 00000112 00000100 00000110 00000120 00000000 000007fc 00000028
013 027890000000 00000000 00000000 00000000 00000093 00000001 00000002 00000000 00000093 00000001 00000002 00000100 00000110 00000120 00000000 000007fc 00000028
014 02842a000004 00000000 00000000 00000004 00000093 00000001 00000002 00000000 00000002 00000001 00000002 00000100 00000110 00000120 00000000 000007fc 00000028
015 009b50000000 00000000 00000000 00000000 00000093 00000001 00000002 00000000 00000002 00000104 00000002 00000100 00000110 00000120 00000000 000007fc 00000028
016 108820000001 00000000 00000000 00000001 00000093 00000001 00000002 00000000 00000002 00000104 00000112 00000100 00000110 00000120 00000000 000007fc 00000028
017 109920000004 00000000 00000000 00000004 00000093 00000001 00000002 00000000 00000002 00000009 00000112 00000100 00000110 00000120 00000000 000007fc 00000028
018 027897000000 00000000 00000000 00000000 00000093 00000001 00000002 00000000 00000002 00000009 00000001 00000100 00000110 00000120 00000000 000007fc 00000028
019 02842a000004 00000000 00000000 00000004 00000093 00000001 00000002 00000000 0000000b 00000009 00000001 00000100 00000110 00000120 00000000 000007fc 00000028
01a 009b50000000 00000000 00000000 00000000 00000093 00000001 00000002 00000000 0000000b 00000104 00000001 00000100 00000110 00000120 00000000 000007fc 00000028
01b 108820000002 00000000 00000000 00000002 00000093 00000001 00000002 00000000 0000000b 00000104 00000112 00000100 00000110 00000120 00000000 000007fc 00000028
01c 109920000008 00000000 00000000 00000008 00000093 00000001 00000002 00000000 0000000b 00000006 00000112 00000100 00000110 00000120 00000000 000007fc 00000028
01d 027897000000 00000000 00000000 00000000 00000093 00000001 00000002 00000000 0000000b 00000006 0000000a 00000100 00000110 00000120 00000000 000007fc 00000028
01e 02842a000004 00000000 00000000 00000004 00000093 00000001 00000002 00000000 00000047 00000006 0000000a 00000100 00000110 00000120 00000000 000007fc 00000028
01f 009b50000000 00000000 00000000 00000000 00000093 00000001 00000002 00000000 00000047 00000104 0000000a 00000100 00000110 00000120 00000000 000007fc 00000028
020 108820000003 00000000 00000000 00000003 00000093 00000001 00000002 00000000 00000047 00000104 00000112 00000100 00000110 00000120 00000000 000007fc 00000028
021 10992000000c 00000000 00000000 0000000c 00000093 00000001 00000002 00000000 00000047 0000000a 00000112 00000100 00000110 00000120 00000000 000007fc 00000028
022 027897000000 00000000 00000000 00000000 00000093 00000001 00000002 00000000 00000047 0000000a 00000005 00000100 00000110 00000120 00000000 000007fc 00000028
023 003700000000 00000000 00000000 00000000 00000093 00000001 00000002 00000000 00000079 0000000a 00000005 00000100 00000110 00000120 00000000 000007fc 00000028
024 029425000004 00000000 00000000 00000004 00000079 00000001 00000002 00000000 00000079 0000000a 00000005 00000100 00000110 00000120 00000000 000007fc 00000028
025 1139c0000000 00000000 00000000 00000000 00000079 00000001 00000002 00000000 00000079 0000000a 00000006 00000100 00000110 00000120 00000000 000007fc 00000028
026 005520000001 00000000 00000000 00000001 00000079 00000001 00000002 00000000 00000079 0000000a 00000006 00000100 00000110 00000120 00000000 000007fc 00000028
027 0ff00200000b 00000000 00000000 0000000b 00000079 00000001 00000003 00000000 00000079 0000000a 00000006 00000100 00000110 00000120 00000000 000007fc 00000028
00b 0b051200400f 00000000 00000004 0000000f 00000079 00000001 00000003 00000000 00000079 0000000a 00000006 00000100 00000110 00000120 00000000 000007fc 00000028
00f 02842a000004 00000000 00000000 00000004 00000079 00000001 00000003 00000000 00000079 0000000a 00000006 00000100 00000110 00000120 00000000 000007fc 00000028
010 009b50000000 00000000 00000000 00000000 00000079 00000001 00000003 00000000 00000079 00000104 00000006 00000100 00000110 00000120 00000000 000007fc 00000028
011 108820000000 00000000 00000000 00000000 00000079 00000001 00000003 00000000 00000079 00000104 00000113 00000100 00000110 00000120 00000000 000007fc 00000028
012 109920000000 00000000 00000000 00000000 00000079 00000001 00000003 00000000 00000079 00000001 00000113 00000100 00000110 00000120 00000000 000007fc 00000028
013 027890000000 00000000 00000000 00000000 00000079 00000001 00000003 00000000 00000079 00000001 00000003 00000100 00000110 00000120 00000000 000007fc 00000028
014 02842a000004 00000000 00000000 00000004 00000079 00000001 00000003 00000000 00000003 00000001 00000003 00000100 00000110 00000120 00000000 000007fc 00000028
015 009b50000000 00000000 00000000 00000000 00000079 00000001 00000003 00000000 00000003 00000104 00000003 00000100 00000110 00000120 00000000 000007fc 00000028
016 108820000001 00000000 00000000 00000001 00000079 00000001 00000003 00000000 00000003 00000104 00000113 00000100 00000110 00000120 00000000 000007fc 00000028
017 109920000004 00000000 00000000 00000004 00000079 00000001 00000003 00000000 00000003 00000009 00000113 00000100 00000110 00000120 00000000 000007fc 00000028
018 027897000000 00000000 00000000 00000000 00000079 00000001 00000003 00000000 00000003 00000009 00000009 00000100 00000110 00000120 00000000 000007fc 00000028
019 02842a000004 00000000 00000000 00000004 00000079 00000001 00000003 00000000 00000054 00000009 00000009 00000100 00000110 00000120 00000000 000007fc 00000028
01a 009b50000000 00000000 00000000 00000000 00000079 00000001 00000003 00000000 00000054 00000104 00000009 00000100 00000110 00000120 00000000 000007fc 00000028
01b 108820000002 00000000 00000000 00000002 00000079 00000001 00000003 00000000 00000054 00000104 00000113 00000100 00000110 00000120 00000000 000007fc 00000028
01c 109920000008 00000000 00000000 00000008 00000079 00000001 00000003 00000000 00000054 00000006 00000113 00000100 00000110 00000120 00000000 000007fc 00000028
01d 027897000000 00000000 00000000 00000000 00000079 00000001 00000003 00000000 00000054 00000006 00000003 00000100 00000110 00000120 00000000 000007fc 00000028
01e 02842a000004 00000000 00000000 00000004 00000079 00000001 00000003 00000000 00000066 00000006 00000003 00000100 00000110 00000120 00000000 000007fc 00000028
01f 009b50000000 00000000 00000000 00000000 00000079 00000001 00000003 00000000 00000066 00000104 00000003 00000100 00000110 00000120 00000000 000007fc 00000028
020 108820000003 00000000 00000000 00000003 00000079 00000001 00000003 00000000 00000066 00000104 00000113 00000100 00000110 00000120 00000000 000007fc 00000028
021 10992000000c 00000000 00000000 0000000c 00000079 00000001 00000003 00000000 00000066 0000000a 00000113 00000100 00000110 00000120 00000000 000007fc 00000028
022 027897000000 00000000 00000000 00000000 00000079 00000001 00000003 00000000 00000066 0000000a 00000004 00000100 00000110 00000120 00000000 000007fc 00000028
023 003700000000 00000000 00000000 00000000 00000079 00000001 00000003 00000000 0000008e 0000000a 00000004 00000100 00000110 00000120 00000000 000007fc 00000028
024 029425000004 00000000 00000000 00000004 0000008e 00000001 00000003 00000000 0000008e 0000000a 00000004 00000100 00000110 00000120 00000000 000007fc 00000028
025 1139c0000000 00000000 00000000 00000000 0000008e 00000001 00000003 00000000 0000008e 0000000a 00000007 00000100 00000110 00000120 00000000 000007fc 00000028
026 005520000001 00000000 00000000 00000001 0000008e 00000001 00000003 00000000 0000008e 0000000a 00000007 00000100 00000110 00000120 00000000 000007fc 00000028
027 0ff00200000b 00000000 00000000 0000000b 0000008e 00000001 00000004 00000000 0000008e 0000000a 00000007 00000100 00000110 00000120 00000000 000007fc 00000028
00b 0b051200400f 00000000 00000004 0000000f 0000008e 00000001 00000004 00000000 0000008e 0000000a 00000007 00000100 00000110 00000120 00000000 000007fc 00000028
00c 004420000001 00000000 00000000 00000001 0000008e 00000001 00000004 00000000 0000008e 0000000a 00000007 00000100 00000110 00000120 00000000 000007fc 00000028
00d 005020000000 00000000 00000000 00000000 0000008e 00000002 00000004 00000000 0000008e 0000000a 00000007 00000100 00000110 00000120 00000000 000007fc 00000028
00e 090412004028 00000000 00000004 00000028 0000008e 00000002 00000000 00000000 0000008e 0000000a 00000007 00000100 00000110 00000120 00000000 000007fc 00000028
00f 02842a000004 00000000 00000000 00000004 0000008e 00000002 00000000 00000000 0000008e 0000000a 00000007 00000100 00000110 00000120 00000000 000007fc 00000028
010 009b50000000 00000000 00000000 00000000 0000008e 00000002 00000000 00000000 0000008e 00000108 00000007 00000100 00000110 00000120 00000000 000007fc 00000028
011 108820000000 00000000 00000000 00000000 0000008e 00000002 00000000 00000000 0000008e 00000108 00000110 00000100 00000110 00000120 00000000 000007fc 00000028
012 109920000000 00000000 00000000 00000000 0000008e 00000002 00000000 00000000 0000008e 00000003 00000110 00000100 00000110 00000120 00000000 000007fc 00000028
013 027890000000 00000000 00000000 00000000 0000008e 00000002 00000000 00000000 0000008e 00000003 00000004 00000100 00000110 00000120 00000000 000007fc 00000028
014 02842a000004 00000000 00000000 00000004 0000008e 00000002 00000000 00000000 0000000c 00000003 00000004 00000100 00000110 00000120 00000000 000007fc 00000028
015 009b50000000 00000000 00000000 00000000 0000008e 00000002 00000000 00000000 0000000c 00000108 00000004 00000100 00000110 00000120 00000000 000007fc 00000028
016 108820000001 00000000 00000000 00000001 0000008e 00000002 00000000 00000000 0000000c 00000108 00000110 00000100 00000110 00000120 00000000 000007fc 00000028
017 109920000004 00000000 00000000 00000004 0000008e 00000002 00000000 00000000 0000000c 00000004 00000110 00000100 00000110 00000120 00000000 000007fc 00000028
018 027897000000 00000000 00000000 00000000 0000008e 00000002 00000000 00000000 0000000c 00000004 00000007 00000100 00000110 00000120 00000000 000007fc 00000028
019 02842a000004 00000000 00000000 00000004 0000008e 00000002 00000000 00000000 00000028 00000004 00000007 00000100 00000110 00000120 00000000 000007fc 00000028
01a 009b50000000 00000000 00000000 00000000 0000008e 00000002 00000000 00000000 00000028 00000108 00000007 00000100 00000110 00000120 00000000 000007fc 00000028
01b 108820000002 00000000 00000000 00000002 0000008e 00000002 00000000 00000000 00000028 00000108 00000110 00000100 00000110 00000120 00000000 000007fc 00000028
01c 109920000008 00000000 00000000 00000008 0000008e 00000002 00000000 00000000 00000028 00000008 00000110 00000100 00000110 00000120 00000000 000007fc 00000028
01d 027897000000 00000000 00000000 00000000 0000008e 00000002 00000000 00000000 00000028 00000008 00000004 00000100 00000110 00000120 00000000 000007fc 00000028
01e 02842a000004 00000000 00000000 00000004 0000008e 00000002 00000000 00000000 00000048 00000008 00000004 00000100 00000110 00000120 00000000 000007fc 00000028
01f 009b50000000 00000000 00000000 00000000 0000008e 00000002 00000000 00000000 00000048 00000108 00000004 00000100 00000110 00000120 00000000 000007fc 00000028
020 108820000003 00000000 00000000 00000003 0000008e 00000002 00000000 00000000 00000048 00000108 00000110 00000100 00000110 00000120 00000000 000007fc 00000028
021 10992000000c 00000000 00000000 0000000c 0000008e 00000002 00000000 00000000 00000048 00000009 00000110 00000100 00000110 00000120 00000000 000007fc 00000028
022 027897000000 00000000 00000000 00000000 0000008e 00000002 00000000 00000000 00000048 00000009 00000006 00000100 00000110 00000120 00000000 000007fc 00000028
023 003700000000 00000000 00000000 00000000 0000008e 00000002 00000000 00000000 0000007e 00000009 00000006 00000100 00000110 00000120 00000000 000007fc 00000028
024 029425000004 00000000 00000000 00000004 0000007e 00000002 00000000 00000000 0000007e 00000009 00000006 00000100 00000110 00000120 00000000 000007fc 00000028
025 1139c0000000 00000000 00000000 00000000 0000007e 00000002 00000000 00000000 0000007e 00000009 00000008 00000100 00000110 00000120 00000000 000007fc 00000028
026 005520000001 00000000 00000000 00000001 0000007e 00000002 00000000 00000000 0000007e 00000009 00000008 00000100 00000110 00000120 00000000 000007fc 00000028
027 0ff00200000b 00000000 00000000 0000000b 0000007e 00000002 00000001 00000000 0000007e 00000009 00000008 00000100 00000110 00000120 00000000 000007fc 00000028
00b 0b051200400f 00000000 00000004 0000000f 0000007e 00000002 00000001 00000000 0000007e 00000009 00000008 00000100 00000110 00000120 00000000 000007fc 00000028
00f 02842a000004 00000000 00000000 00000004 0000007e 00000002 00000001 00000000 0000007e 00000009 00000008 00000100 00000110 00000120 00000000 000007fc 00000028
010 009b50000000 00000000 00000000 00000000 0000007e 00000002 00000001 00000000 0000007e 00000108 00000008 00000100 00000110 00000120 00000000 000007fc 00000028
011 108820000000 00000000 00000000 00000000 0000007e 00000002 00000001 00000000 0000007e 00000108 00000111 00000100 00000110 00000120 00000000 000007fc 00000028
012 109920000000 00000000 00000000 00000000 0000007e 00000002 00000001 00000000 0000007e 00000003 00000111 00000100 00000110 00000120 00000000 000007fc 00000028
013 027890000000 00000000 00000000 00000000 0000007e 00000002 00000001 00000000 0000007e 00000003 00000001 00000100 00000110 00000120 00000000 000007fc 00000028
014 02842a000004 00000000 00000000 00000004 0000007e 00000002 00000001 00000000 00000003 00000003 00000001 00000100 00000110 00000120 00000000 000007fc 00000028
015 009b50000000 00000000 00000000 00000000 0000007e 00000002 00000001 00000000 00000003 00000108 00000001 00000100 00000110 00000120 00000000 000007fc 00000028
016 108820000001 00000000 00000000 00000001 0000007e 00000002 00000001 00000000 00000003 00000108 00000111 00000100 00000110 00000120 00000000 000007fc 00000028
017 109920000004 00000000 00000000 00000004 0000007e 00000002 00000001 00000000 00000003 00000004 00000111 00000100 00000110 00000120 00000000 000007fc 00000028
018 027897000000 00000000 00000000 00000000 0000007e 00000002 00000001 00000000 00000003 00000004 00000006 00000100 00000110 00000120 00000000 000007fc 00000028
019 02842a000004 00000000 00000000 00000004 0000007e 00000002 00000001 00000000 0000001b 00000004 00000006 00000100 00000110 00000120 00000000 000007fc 00000028
01a 009b50000000 00000000 00000000 00000000 0000007e 00000002 00000001 00000000 0000001b 00000108 00000006 00000100 00000110 00000120 00000000 000007fc 00000028
01b 108820000002 00000000 00000000 00000002 0000007e 00000002 00000001 00000000 0000001b 00000108 00000111 00000100 00000110 00000120 00000000 000007fc 00000028
01c 109920000008 00000000 00000000 00000008 0000007e 00000002 00000001 00000000 0000001b 00000008 00000111 00000100 00000110 00000120 00000000 000007fc 00000028
01d 027897000000 00000000 00000000 00000000 0000007e 00000002 00000001 00000000 0000001b 00000008 00000002 00000100 00000110 00000120 00000000 000007fc 00000028
01e 02842a000004 00000000 00000000 00000004 0000007e 00000002 00000001 00000000 0000002b 00000008 00000002 00000100 00000110 00000120 00000000 000007fc 00000028
01f 009b50000000 00000000 00000000 00000000 0000007e 00000002 00000001 00000000 0000002b 00000108 00000002 00000100 00000110 00000120 00000000 000007fc 00000028
020 108820000003 00000000 00000000 00000003 0000007e 00000002 00000001 00000000 0000002b 00000108 00000111 00000100 00000110 00000120 00000000 000007fc 00000028
021 10992000000c 00000000 00000000 0000000c 0000007e 00000002 00000001 00000000 0000002b 00000009 00000111 00000100 00000110 00000120 00000000 000007fc 00000028
022 027897000000 00000000 00000000 00000000 0000007e 00000002 00000001 00000000 0000002b 00000009 00000008 00000100 00000110 00000120 00000000 000007fc 00000028
023 003700000000 00000000 00000000 00000000 0000007e 00000002 00000001 00000000 00000073 00000009 00000008 00000100 00000110 00000120 00000000 000007fc 00000028
024 029425000004 00000000 00000000 00000004 00000073 00000002 00000001 00000000 00000073 00000009 00000008 00000100 00000110 00000120 00000000 000007fc 00000028
025 1139c0000000 00000000 00000000 00000000 00000073 00000002 00000001 00000000 00000073 00000009 00000009 00000100 00000110 00000120 00000000 000007fc 00000028
026 005520000001 00000000 00000000 00000001 00000073 00000002 00000001 00000000 00000073 00000009 00000009 00000100 00000110 00000120 00000000 000007fc 00000028
027 0ff00200000b 00000000 00000000 0000000b 00000073 00000002 00000002 00000000 00000073 00000009 00000009 00000100 00000110 00000120 00000000 000007fc 00000028
00b 0b051200400f 00000000 00000004 0000000f 00000073 00000002 00000002 00000000 00000073 00000009 00000009 00000100 00000110 00000120 00000000 000007fc 00000028
00f 02842a000004 00000000 00000000 00000004 00000073 00000002 00000002 00000000 00000073 00000009 00000009 00000100 00000110 00000120 00000000 000007fc 00000028
010 009b50000000 00000000 00000000 00000000 00000073 00000002 00000002 00000000 00000073 00000108 00000009 00000100 00000110 00000120 00000000 000007fc 00000028
011 108820000000 00000000 00000000 00000000 00000073 00000002 00000002 00000000 00000073 00000108 00000112 00000100 00000110 00000120 00000000 000007fc 00000028
012 109920000000 00000000 00000000 00000000 00000073 00000002 00000002 00000000 00000073 00000003 00000112 00000100 00000110 00000120 00000000 000007fc 00000028
013 027890000000 00000000 00000000 00000000 00000073 00000002 00000002 00000000 00000073 00000003 00000002 00000100 00000110 00000120 00000000 000007fc 00000028
014 02842a000004 00000000 00000000 00000004 00000073 00000002 00000002 00000000 00000006 00000003 00000002 00000100 00000110 00000120 00000000 000007fc 00000028
015 009b50000000 00000000 00000000 00000000 00000073 00000002 00000002 00000000 00000006 00000108 00000002 00000100 00000110 00000120 00000000 000007fc 00000028
016 108820000001 00000000 00000000 00000001 00000073 00000002 00000002 00000000 00000006 00000108 00000112 00000100 00000110 00000120 00000000 000007fc 00000028
017 109920000004 00000000 00000000 00000004 00000073 00000002 00000002 00000000 00000006 00000004 00000112 00000100 00000110 00000120 00000000 000007fc 00000028
018 027897000000 00000000 00000000 00000000 00000073 00000002 00000002 00000000 00000006 00000004 00000001 00000100 00000110 00000120 00000000 000007fc 00000028
019 02842a000004 00000000 00000000 00000004 00000073 00000002 00000002 00000000 0000000a 00000004 00000001 00000100 00000110 00000120 00000000 000007fc 00000028
01a 009b50000000 00000000 00000000 00000000 00000073 00000002 00000002 00000000 0000000a 00000108 00000001 00000100 00000110 00000120 00000000 000007fc 00000028
01b 108820000002 00000000 00000000 00000002 00000073 00000002 00000002 00000000 0000000a 00000108 00000112 00000100 00000110 00000120 00000000 000007fc 00000028
01c 109920000008 00000000 00000000 00000008 00000073 00000002 00000002 00000000 0000000a 00000008 00000112 00000100 00000110 00000120 00000000 000007fc 00000028
01d 027897000000 00000000 00000000 00000000 00000073 00000002 00000002 00000000 0000000a 00000008 0000000a 00000100 00000110 00000120 00000000 000007fc 00000028
01e 02842a000004 00000000 00000000 00000004 00000073 00000002 00000002 00000000 0000005a 00000008 0000000a 00000100 00000110 00000120 00000000 000007fc 00000028
01f 009b50000000 00000000 00000000 00000000 00000073 00000002 00000002 00000000 0000005a 00000108 0000000a 00000100 00000110 00000120 00000000 000007fc 00000028
020 108820000003 00000000 00000000 00000003 00000073 00000002 00000002 00000000 0000005a 00000108 00000112 00000100 00000110 00000120 00000000 000007fc 00000028
021 10992000000c 00000000 00000000 0000000c 00000073 00000002 00000002 00000000 0000005a 00000009 00000112 00000100 00000110 00000120 00000000 000007fc 00000028
022 027897000000 00000000 00000000 00000000 00000073 00000002 00000002 00000000 0000005a 00000009 00000005 00000100 00000110 00000120 00000000 000007fc 00000028
023 003700000000 00000000 00000000 00000000 00000073 00000002 00000002 00000000 00000087 00000009 00000005 00000100 00000110 00000120 00000000 000007fc 00000028
024 029425000004 00000000 00000000 00000004 00000087 00000002 00000002 00000000 00000087 00000009 00000005 00000100 00000110 00000120 00000000 000007fc 00000028
025 1139c0000000 00000000 00000000 00000000 00000087 00000002 00000002 00000000 00000087 00000009 0000000a 00000100 00000110 00000120 00000000 000007fc 00000028
026 005520000001 00000000 00000000 00000001 00000087 00000002 00000002 00000000 00000087 00000009 0000000a 00000100 00000110 00000120 00000000 000007fc 00000028
027 0ff00200000b 00000000 00000000 0000000b 00000087 00000002 00000003 00000000 00000087 00000009 0000000a 00000100 00000110 00000120 00000000 000007fc 00000028
00b 0b051200400f 00000000 00000004 0000000f 00000087 00000002 00000003 00000000 00000087 00000009 0000000a 00000100 00000110 00000120 00000000 000007fc 00000028
00f 02842a000004 00000000 00000000 00000004 00000087 00000002 00000003 00000000 00000087 00000009 0000000a 00000100 00000110 00000120 00000000 000007fc 00000028
010 009b50000000 00000000 00000000 00000000 00000087 00000002 00000003 00000000 00000087 00000108 0000000a 00000100 00000110 00000120 00000000 000007fc 00000028
011 108820000000 00000000 00000000 00000000 00000087 00000002 00000003 00000000 00000087 00000108 00000113 00000100 00000110 00000120 00000000 000007fc 00000028
012 109920000000 00000000 00000000 00000000 00000087 00000002 00000003 00000000 00000087 00000003 00000113 00000100 00000110 00000120 00000000 000007fc 00000028
013 027890000000 00000000 00000000 00000000 00000087 00000002 00000003 00000000 00000087 00000003 00000003 00000100 00000110 00000120 00000000 000007fc 00000028
014 02842a000004 00000000 00000000 00000004 00000087 00000002 00000003 00000000 00000009 00000003 00000003 00000100 00000110 00000120 00000000 000007fc 00000028
015 009b50000000 00000000 00000000 00000000 00000087 00000002 00000003 00000000 00000009 00000108 00000003 00000100 00000110 00000120 00000000 000007fc 00000028
016 108820000001 00000000 00000000 00000001 00000087 00000002 00000003 00000000 00000009 00000108 00000113 00000100 00000110 00000120 00000000 000007fc 00000028
017 109920000004 00000000 00000000 00000004 00000087 00000002 00000003 00000000 00000009 00000004 00000113 00000100 00000110 00000120 00000000 000007fc 00000028
018 027897000000 00000000 00000000 00000000 00000087 00000002 00000003 00000000 00000009 00000004 00000009 00000100 00000110 00000120 00000000 000007fc 00000028
019 02842a000004 00000000 00000000 00000004 00000087 00000002 00000003 00000000 0000002d 00000004 00000009 00000100 00000110 00000120 00000000 000007fc 00000028
01a 009b50000000 00000000 00000000 00000000 00000087 00000002 00000003 00000000 0000002d 00000108 00000009 00000100 00000110 00000120 00000000 000007fc 00000028
01b 108820000002 00000000 00000000 00000002 00000087 00000002 00000003 00000000 0000002d 00000108 00000113 00000100 00000110 00000120 00000000 000007fc 00000028
01c 109920000008 00000000 00000000 00000008 00000087 00000002 00000003 00000000 0000002d 00000008 00000113 00000100 00000110 00000120 00000000 000007fc 00000028
01d 027897000000 00000000 00000000 00000000 00000087 00000002 00000003 00000000 0000002d 00000008 00000003 00000100 00000110 00000120 00000000 000007fc 00000028
01e 02842a000004 00000000 00000000 00000004 00000087 00000002 00000003 00000000 00000045 00000008 00000003 00000100 00000110 00000120 00000000 000007fc 00000028
01f 009b50000000 00000000 00000000 00000000 00000087 00000002 00000003 00000000 00000045 00000108 00000003 00000100 00000110 00000120 00000000 000007fc 00000028
020 108820000003 00000000 00000000 00000003 00000087 00000002 00000003 00000000 00000045 00000108 00000113 00000100 00000110 00000120 00000000 000007fc 00000028
021 10992000000c 00000000 00000000 0000000c 00000087 00000002 00000003 00000000 00000045 00000009 00000113 00000100 00000110 00000120 00000000 000007fc 00000028
022 027897000000 00000000 00000000 00000000 00000087 00000002 00000003 00000000 00000045 00000009 00000004 00000100 00000110 00000120 00000000 000007fc 00000028
023 003700000000 00000000 00000000 00000000 00000087 00000002 00000003 00000000 00000069 00000009 00000004 00000100 00000110 00000120 00000000 000007fc 00000028
024 029425000004 00000000 00000000 00000004 00000069 00000002 00000003 00000000 00000069 00000009 00000004 00000100 00000110 00000120 00000000 000007fc 00000028
025 1139c0000000 00000000 00000000 00000000 00000069 00000002 00000003 00000000 00000069 00000009 0000000b 00000100 00000110 00000120 00000000 000007fc 00000028
026 005520000001 00000000 00000000 00000001 00000069 00000002 00000003 00000000 00000069 00000009 0000000b 00000100 00000110 00000120 00000000 000007fc 00000028
027 0ff00200000b 00000000 00000000 0000000b 00000069 00000002 00000004 00000000 00000069 00000009 0000000b 00000100 00000110 00000120 00000000 000007fc 00000028
00b 0b051200400f 00000000 00000004 0000000f 00000069 00000002 00000004 00000000 00000069 00000009 0000000b 00000100 00000110 00000120 00000000 000007fc 00000028
00c 004420000001 00000000 00000000 00000001 00000069 00000002 00000004 00000000 00000069 00000009 0000000b 00000100 00000110 00000120 00000000 000007fc 00000028
00d 005020000000 00000000 00000000 00000000 00000069 00000003 00000004 00000000 00000069 00000009 0000000b 00000100 00000110 00000120 00000000 000007fc 00000028
00e 090412004028 00000000 00000004 00000028 00000069 00000003 00000000 00000000 00000069 00000009 0000000b 00000100 00000110 00000120 00000000 000007fc 00000028
00f 02842a000004 00000000 00000000 00000004 00000069 00000003 00000000 00000000 00000069 00000009 0000000b 00000100 00000110 00000120 00000000 000007fc 00000028
010 009b50000000 00000000 00000000 00000000 00000069 00000003 00000000 00000000 00000069 0000010c 0000000b 00000100 00000110 00000120 00000000 000007fc 00000028
011 108820000000 00000000 00000000 00000000 00000069 00000003 00000000 00000000 00000069 0000010c 00000110 00000100 00000110 00000120 00000000 000007fc 00000028
012 109920000000 00000000 00000000 00000000 00000069 00000003 00000000 00000000 00000069 0000000a 00000110 00000100 00000110 00000120 00000000 000007fc 00000028
013 027890000000 00000000 00000000 00000000 00000069 00000003 00000000 00000000 00000069 0000000a 00000004 00000100 00000110 00000120 00000000 000007fc 00000028
014 02842a000004 00000000 00000000 00000004 00000069 00000003 00000000 00000000 00000028 0000000a 00000004 00000100 00000110 00000120 00000000 000007fc 00000028
015 009b50000000 00000000 00000000 00000000 00000069 00000003 00000000 00000000 00000028 0000010c 00000004 00000100 00000110 00000120 00000000 000007fc 00000028
016 108820000001 00000000 00000000 00000001 00000069 00000003 00000000 00000000 00000028 0000010c 00000110 00000100 00000110 00000120 00000000 000007fc 00000028
017 109920000004 00000000 00000000 00000004 00000069 00000003 00000000 00000000 00000028 00000005 00000110 00000100 00000110 00000120 00000000 000007fc 00000028
018 027897000000 00000000 00000000 00000000 00000069 00000003 00000000 00000000 00000028 00000005 00000007 00000100 00000110 00000120 00000000 000007fc 00000028
019 02842a000004 00000000 00000000 00000004 00000069 00000003 00000000 00000000 0000004b 00000005 00000007 00000100 00000110 00000120 00000000 000007fc 00000028
01a 009b50000000 00000000 00000000 00000000 00000069 00000003 00000000 00000000 0000004b 0000010c 00000007 00000100 00000110 00000120 00000000 000007fc 00000028
01b 108820000002 00000000 00000000 00000002 00000069 00000003 00000000 00000000 0000004b 0000010c 00000110 00000100 00000110 00000120 00000000 000007fc 00000028
01c 109920000008 00000000 00000000 00000008 00000069 00000003 00000000 00000000 0000004b 00000006 00000110 00000100 00000110 00000120 00000000 000007fc 00000028
01d 027897000000 00000000 00000000 00000000 00000069 00000003 00000000 00000000 0000004b 00000006 00000004 00000100 00000110 00000120 00000000 000007fc 00000028
01e 02842a000004 00000000 00000000 00000004 00000069 00000003 00000000 00000000 00000063 00000006 00000004 00000100 00000110 00000120 00000000 000007fc 00000028
01f 009b50000000 00000000 00000000 00000000 00000069 00000003 00000000 00000000 00000063 0000010c 00000004 00000100 00000110 00000120 00000000 000007fc 00000028
020 108820000003 00000000 00000000 00000003 00000069 00000003 00000000 00000000 00000063 0000010c 00000110 00000100 00000110 00000120 00000000 000007fc 00000028
021 10992000000c 00000000 00000000 0000000c 00000069 00000003 00000000 00000000 00000063 00000007 00000110 00000100 00000110 00000120 00000000 000007fc 00000028
022 027897000000 00000000 00000000 00000000 00000069 00000003 00000000 00000000 00000063 00000007 00000006 00000100 00000110 00000120 00000000 000007fc 00000028
023 003700000000 00000000 00000000 00000000 00000069 00000003 00000000 00000000 0000008d 00000007 00000006 00000100 00000110 00000120 00000000 000007fc 00000028
024 029425000004 00000000 00000000 00000004 0000008d 00000003 00000000 00000000 0000008d 00000007 00000006 00000100 00000110 00000120 00000000 000007fc 00000028
025 1139c0000000 00000000 00000000 00000000 0000008d 00000003 00000000 00000000 0000008d 00000007 0000000c 00000100 00000110 00000120 00000000 000007fc 00000028
026 005520000001 00000000 00000000 00000001 0000008d 00000003 00000000 00000000 0000008d 00000007 0000000c 00000100 00000110 00000120 00000000 000007fc 00000028
027 0ff00200000b 00000000 00000000 0000000b 0000008d 00000003 00000001 00000000 0000008d 00000007 0000000c 00000100 00000110 00000120 00000000 000007fc 00000028
00b 0b051200400f 00000000 00000004 0000000f 0000008d 00000003 00000001 00000000 0000008d 00000007 0000000c 00000100 00000110 00000120 00000000 000007fc 00000028
00f 02842a000004 00000000 00000000 00000004 0000008d 00000003 00000001 00000000 0000008d 00000007 0000000c 00000100 00000110 00000120 00000000 000007fc 00000028
010 009b50000000 00000000 00000000 00000000 0000008d 00000003 00000001 00000000 0000008d 0000010c 0000000c 00000100 00000110 00000120 00000000 000007fc 00000028
011 108820000000 00000000 00000000 00000000 0000008d 00000003 00000001 00000000 0000008d 0000010c 00000111 00000100 00000110 00000120 00000000 000007fc 00000028
012 109920000000 00000000 00000000 00000000 0000008d 00000003 00000001 00000000 0000008d 0000000a 00000111 00000100 00000110 00000120 00000000 000007fc 00000028
013 027890000000 00000000 00000000 00000000 0000008d 00000003 00000001 00000000 0000008d 0000000a 00000001 00000100 00000110 00000120 00000000 000007fc 00000028
014 02842a000004 00000000 00000000 00000004 0000008d 00000003 00000001 00000000 0000000a 0000000a 00000001 00000100 00000110 00000120 00000000 000007fc 00000028
015 009b50000000 00000000 00000000 00000000 0000008d 00000003 00000001 00000000 0000000a 0000010c 00000001 00000100 00000110 00000120 00000000 000007fc 00000028
016 108820000001 00000000 00000000 00000001 0000008d 00000003 00000001 00000000 0000000a 0000010c 00000111 00000100 00000110 00000120 00000000 000007fc 00000028
017 109920000004 00000000 00000000 00000004 0000008d 00000003 00000001 00000000 0000000a 00000005 00000111 00000100 00000110 00000120 00000000 000007fc 00000028
018 027897000000 00000000 00000000 00000000 0000008d 00000003 00000001 00000000 0000000a 00000005 00000006 00000100 00000110 00000120 00000000 000007fc 00000028
019 02842a000004 00000000 00000000 00000004 0000008d 00000003 00000001 00000000 00000028 00000005 00000006 00000100 00000110 00000120 00000000 000007fc 00000028
01a 009b50000000 00000000 00000000 00000000 0000008d 00000003 00000001 00000000 00000028 0000010c 00000006 00000100 00000110 00000120 00000000 000007fc 00000028
01b 108820000002 00000000 00000000 00000002 0000008d 00000003 00000001 00000000 00000028 0000010c 00000111 00000100 00000110 00000120 00000000 000007fc 00000028
01c 109920000008 00000000 00000000 00000008 0000008d 00000003 00000001 00000000 00000028 00000006 00000111 00000100 00000110 00000120 00000000 000007fc 00000028
01d 027897000000 00000000 00000000 00000000 0000008d 00000003 00000001 00000000 00000028 00000006 00000002 00000100 00000110 00000120 00000000 000007fc 00000028
01e 02842a000004 00000000 00000000 00000004 0000008d 00000003 00000001 00000000 00000034 00000006 00000002 00000100 00000110 00000120 00000000 000007fc 00000028
01f 009b50000000 00000000 00000000 00000000 0000008d 00000003 00000001 00000000 00000034 0000010c 00000002 00000100 00000110 00000120 00000000 000007fc 00000028
020 108820000003 00000000 00000000 00000003 0000008d 00000003 00000001 00000000 00000034 0000010c 00000111 00000100 00000110 00000120 00000000 000007fc 00000028
021 10992000000c 00000000 00000000 0000000c 0000008d 00000003 00000001 00000000 00000034 00000007 00000111 00000100 00000110 00000120 00000000 000007fc 00000028
022 027897000000 00000000 00000000 00000000 0000008d 00000003 00000001 00000000 00000034 00000007 00000008 00000100 00000110 00000120 00000000 000007fc 00000028
023 003700000000 00000000 00000000 00000000 0000008d 00000003 00000001 00000000 0000006c 00000007 00000008 00000100 00000110 00000120 00000000 000007fc 00000028
024 029425000004 00000000 00000000 00000004 0000006c 00000003 00000001 00000000 0000006c 00000007 00000008 00000100 00000110 00000120 00000000 000007fc 00000028
025 1139c0000000 00000000 00000000 00000000 0000006c 00000003 00000001 00000000 0000006c 00000007 0000000d 00000100 00000110 00000120 00000000 000007fc 00000028
026 005520000001 00000000 00000000 00000001 0000006c 00000003 00000001 00000000 0000006c 00000007 0000000d 00000100 00000110 00000120 00000000 000007fc 00000028
027 0ff00200000b 00000000 00000000 0000000b 0000006c 00000003 00000002 00000000 0000006c 00000007 0000000d 00000100 00000110 00000120 00000000 000007fc 00000028
00b 0b051200400f 00000000 00000004 0000000f 0000006c 00000003 00000002 00000000 0000006c 00000007 0000000d 00000100 00000110 00000120 00000000 000007fc 00000028
00f 02842a000004 00000000 00000000 00000004 0000006c 00000003 00000002 00000000 0000006c 00000007 0000000d 00000100 00000110 00000120 00000000 000007fc 00000028
010 009b50000000 00000000 00000000 00000000 0000006c 00000003 00000002 00000000 0000006c 0000010c 0000000d 00000100 00000110 00000120 00000000 000007fc 00000028
011 108820000000 00000000 00000000 00000000 0000006c 00000003 00000002 00000000 0000006c 0000010c 00000112 00000100 00000110 00000120 00000000 000007fc 00000028
012 109920000000 00000000 00000000 00000000 0000006c 00000003 00000002 00000000 0000006c 0000000a 00000112 00000100 00000110 00000120 00000000 000007fc 00000028
013 027890000000 00000000 00000000 00000000 0000006c 00000003 00000002 00000000 0000006c 0000000a 00000002 00000100 00000110 00000120 00000000 000007fc 00000028
014 02842a000004 00000000 00000000 00000004 0000006c 00000003 00000002 00000000 00000014 0000000a 00000002 00000100 00000110 00000120 00000000 000007fc 00000028
015 009b50000000 00000000 00000000 00000000 0000006c 00000003 00000002 00000000 00000014 0000010c 00000002 00000100 00000110 00000120 00000000 000007fc 00000028
016 108820000001 00000000 00000000 00000001 0000006c 00000003 00000002 00000000 00000014 0000010c 00000112 00000100 00000110 00000120 00000000 000007fc 00000028
017 109920000004 00000000 00000000 00000004 0000006c 00000003 00000002 00000000 00000014 00000005 00000112 00000100 00000110 00000120 00000000 000007fc 00000028
018 027897000000 00000000 00000000 00000000 0000006c 00000003 00000002 00000000 00000014 00000005 00000001 00000100 00000110 00000120 00000000 000007fc 00000028
019 02842a000004 00000000 00000000 00000004 0000006c 00000003 00000002 00000000 00000019 00000005 00000001 00000100 00000110 00000120 00000000 000007fc 00000028
01a 009b50000000 00000000 00000000 00000000 0000006c 00000003 00000002 00000000 00000019 0000010c 00000001 00000100 00000110 00000120 00000000 000007fc 00000028
01b 108820000002 00000000 00000000 00000002 0000006c 00000003 00000002 00000000 00000019 0000010c 00000112 00000100 00000110 00000120 00000000 000007fc 00000028
01c 109920000008 00000000 00000000 00000008 0000006c 00000003 00000002 00000000 00000019 00000006 00000112 00000100 00000110 00000120 00000000 000007fc 00000028
01d 027897000000 00000000 00000000 00000000 0000006c 00000003 00000002 00000000 00000019 00000006 0000000a 00000100 00000110 00000120 00000000 000007fc 00000028
01e 02842a000004 00000000 00000000 00000004 0000006c 00000003 00000002 00000000 00000055 00000006 0000000a 00000100 00000110 00000120 00000000 000007fc 00000028
01f 009b50000000 00000000 00000000 00000000 0000006c 00000003 00000002 00000000 00000055 0000010c 0000000a 00000100 00000110 00000120 00000000 000007fc 00000028
020 108820000003 00000000 00000000 00000003 0000006c 00000003 00000002 00000000 00000055 0000010c 00000112 00000100 00000110 00000120 00000000 000007fc 00000028
021 10992000000c 00000000 00000000 0000000c 0000006c 00000003 00000002 00000000 00000055 00000007 00000112 00000100 00000110 00000120 00000000 000007fc 00000028
022 027897000000 00000000 00000000 00000000 0000006c 00000003 00000002 00000000 00000055 00000007 00000005 00000100 00000110 00000120 00000000 000007fc 00000028
023 003700000000 00000000 00000000 00000000 0000006c 00000003 00000002 00000000 00000078 00000007 00000005 00000100 00000110 00000120 00000000 000007fc 00000028
024 029425000004 00000000 00000000 00000004 00000078 00000003 00000002 00000000 00000078 00000007 00000005 00000100 00000110 00000120 00000000 000007fc 00000028
025 1139c0000000 00000000 00000000 00000000 00000078 00000003 00000002 00000000 00000078 00000007 0000000e 00000100 00000110 00000120 00000000 000007fc 00000028
026 005520000001 00000000 00000000 00000001 00000078 00000003 00000002 00000000 00000078 00000007 0000000e 00000100 00000110 00000120 00000000 000007fc 00000028
027 0ff00200000b 00000000 00000000 0000000b 00000078 00000003 00000003 00000000 00000078 00000007 0000000e 00000100 00000110 00000120 00000000 000007fc 00000028
00b 0b051200400f 00000000 00000004 0000000f 00000078 00000003 00000003 00000000 00000078 00000007 0000000e 00000100 00000110 00000120 00000000 000007fc 00000028
00f 02842a000004 00000000 00000000 00000004 00000078 00000003 00000003 00000000 00000078 00000007 0000000e 00000100 00000110 00000120 00000000 000007fc 00000028
010 009b50000000 00000000 00000000 00000000 00000078 00000003 00000003 00000000 00000078 0000010c 0000000e 00000100 00000110 00000120 00000000 000007fc 00000028
011 108820000000 00000000 00000000 00000000 00000078 00000003 00000003 00000000 00000078 0000010c 00000113 00000100 00000110 00000120 00000000 000007fc 00000028
012 109920000000 00000000 00000000 00000000 00000078 00000003 00000003 00000000 00000078 0000000a 00000113 00000100 00000110 00000120 00000000 000007fc 00000028
013 027890000000 00000000 00000000 00000000 00000078 00000003 00000003 00000000 00000078 0000000a 00000003 00000100 00000110 00000120 00000000 000007fc 00000028
014 02842a000004 00000000 00000000 00000004 00000078 00000003 00000003 00000000 0000001e 0000000a 00000003 00000100 00000110 00000120 00000000 000007fc 00000028
015 009b50000000 00000000 00000000 00000000 00000078 00000003 00000003 00000000 0000001e 0000010c 00000003 00000100 00000110 00000120 00000000 000007fc 00000028
016 108820000001 00000000 00000000 00000001 00000078 00000003 00000003 00000000 0000001e 0000010c 00000113 00000100 00000110 00000120 00000000 000007fc 00000028
017 109920000004 00000000 00000000 00000004 00000078 00000003 00000003 00000000 0000001e 00000005 00000113 00000100 00000110 00000120 00000000 000007fc 00000028
018 027897000000 00000000 00000000 00000000 00000078 00000003 00000003 00000000 0000001e 00000005 00000009 00000100 00000110 00000120 00000000 000007fc 00000028
019 02842a000004 00000000 00000000 00000004 00000078 00000003 00000003 00000000 0000004b 00000005 00000009 00000100 00000110 00000120 00000000 000007fc 00000028
01a 009b50000000 00000000 00000000 00000000 00000078 00000003 00000003 00000000 0000004b 0000010c 00000009 00000100 00000110 00000120 00000000 000007fc 00000028
01b 108820000002 00000000 00000000 00000002 00000078 00000003 00000003 00000000 0000004b 0000010c 00000113 00000100 00000110 00000120 00000000 000007fc 00000028
01c 109920000008 00000000 00000000 00000008 00000078 00000003 00000003 00000000 0000004b 00000006 00000113 00000100 00000110 00000120 00000000 000007fc 00000028
01d 027897000000 00000000 00000000 00000000 00000078 00000003 00000003 00000000 0000004b 00000006 00000003 00000100 00000110 00000120 00000000 000007fc 00000028
01e 02842a000004 00000000 00000000 00000004 00000078 00000003 00000003 00000000 0000005d 00000006 00000003 00000100 00000110 00000120 00000000 000007fc 00000028
01f 009b50000000 00000000 00000000 00000000 00000078 00000003 00000003 00000000 0000005d 0000010c 00000003 00000100 00000110 00000120 00000000 000007fc 00000028
020 108820000003 00000000 00000000 00000003 00000078 00000003 00000003 00000000 0000005d 0000010c 00000113 00000100 00000110 00000120 00000000 000007fc 00000028
021 10992000000c 00000000 00000000 0000000c 00000078 00000003 00000003 00000000 0000005d 00000007 00000113 00000100 00000110 00000120 00000000 000007fc 00000028
022 027897000000 00000000 00000000 00000000 00000078 00000003 00000003 00000000 0000005d 00000007 00000004 00000100 00000110 00000120 00000000 000007fc 00000028
023 003700000000 00000000 00000000 00000000 00000078 00000003 00000003 00000000 00000079 00000007 00000004 00000100 00000110 00000120 00000000 000007fc 00000028
024 029425000004 00000000 00000000 00000004 00000079 00000003 00000003 00000000 00000079 00000007 00000004 00000100 00000110 00000120 00000000 000007fc 00000028
025 1139c0000000 00000000 00000000 00000000 00000079 00000003 00000003 00000000 00000079 00000007 0000000f 00000100 00000110 00000120 00000000 000007fc 00000028
026 005520000001 00000000 00000000 00000001 00000079 00000003 00000003 00000000 00000079 00000007 0000000f 00000100 00000110 00000120 00000000 000007fc 00000028
027 0ff00200000b 00000000 00000000 0000000b 00000079 00000003 00000004 00000000 00000079 00000007 0000000f 00000100 00000110 00000120 00000000 000007fc 00000028
00b 0b051200400f 00000000 00000004 0000000f 00000079 00000003 00000004 00000000 00000079 00000007 0000000f 00000100 00000110 00000120 00000000 000007fc 00000028
00c 004420000001 00000000 00000000 00000001 00000079 00000003 00000004 00000000 00000079 00000007 0000000f 00000100 00000110 00000120 00000000 000007fc 00000028
00d 005020000000 00000000 00000000 00000000 00000079 00000004 00000004 00000000 00000079 00000007 0000000f 00000100 00000110 00000120 00000000 000007fc 00000028
00e 090412004028 00000000 00000004 00000028 00000079 00000004 00000000 00000000 00000079 00000007 0000000f 00000100 00000110 00000120 00000000 000007fc 00000028
028 10ae20000000 00000000 00000000 00000000 00000079 00000004 00000000 00000000 00000079 00000007 0000000f 00000100 00000110 00000120 00000000 000007fc 00000028
029 10be20000001 00000000 00000000 00000001 00000079 00000004 00000000 00000000 00000079 00000007 0000000f 00000000 00000110 00000120 00000000 000007fc 00000028
02a 10ce20000002 00000000 00000000 00000002 00000079 00000004 00000000 00000000 00000079 00000007 0000000f 00000000 00000000 00000120 00000000 000007fc 00000028
02b 10fe20000003 00000000 00000000 00000003 00000079 00000004 00000000 00000000 00000079 00000007 0000000f 00000000 00000000 00000000 00000000 000007fc 00000028
02c 00ee20000004 00000000 00000000 00000004 00000079 00000004 00000000 00000000 00000079 00000007 0000000f 00000000 00000000 00000000 00000000 000007fc 00000000
02d 150000000000 00000000 00000000 00000000 00000079 00000004 00000000 00000000 00000079 00000007 0000000f 00000000 00000000 00000000 00000000 00000800 00000000
